# Primero viene la cantidad (n) de timestamps para ambos, luego n líneas que son un timestamp aproximado cada uno separado por una coma (',') del error, y luego n lineas de las transacciones del sospechoso
250
144,125
642,274
264,201
236,39
433,121
493,178
449,116
121,104
382,122
50,32
40,1
290,114
501,118
690,152
119,1
260,40
68,17
485,308
680,121
133,44
352,186
548,456
79,66
90,54
555,222
135,41
21,2
185,112
127,82
484,5
506,325
17,7
384,383
618,405
687,234
392,350
350,149
529,505
190,190
495,340
376,325
64,56
687,113
252,70
137,72
542,537
71,49
745,495
171,19
215,9
527,86
4,4
385,286
397,100
431,32
270,197
539,479
665,575
244,147
181,94
327,212
413,373
302,191
359,52
442,122
180,59
287,252
272,97
231,92
81,43
261,217
169,62
186,122
653,531
30,20
36,33
442,44
177,25
151,28
649,130
272,41
276,19
567,278
236,136
94,62
681,176
733,188
599,258
3,3
137,38
473,177
499,120
126,66
109,79
545,434
28,6
141,114
97,12
465,44
319,285
590,577
40,33
652,529
351,99
314,203
559,79
657,263
438,321
493,322
28,21
520,163
486,324
60,38
618,93
711,93
108,8
274,221
437,335
417,276
20,19
664,261
611,294
401,305
376,322
325,224
651,31
230,145
137,31
393,18
265,94
251,199
195,30
669,119
453,222
356,118
351,261
347,214
378,168
750,86
21,3
38,17
600,355
639,269
494,407
149,99
349,22
65,4
479,335
105,42
695,330
294,123
341,92
230,209
196,72
661,271
98,97
387,88
106,28
172,17
670,72
568,153
684,358
293,131
408,171
613,291
495,381
337,209
697,335
562,357
436,405
711,169
622,574
560,85
525,139
120,112
514,377
180,177
280,130
562,537
240,110
263,137
661,217
530,368
708,393
549,348
436,231
7,2
473,30
17,1
577,529
574,283
182,24
18,16
181,149
618,84
53,24
652,496
631,227
686,137
397,369
12,1
627,324
148,58
669,520
428,126
93,6
599,314
267,86
229,142
362,323
531,163
201,127
568,143
118,73
307,303
251,45
608,193
712,427
472,350
384,160
614,289
289,272
294,179
307,30
96,83
55,55
160,14
354,166
395,85
263,116
43,19
144,117
520,217
559,354
207,204
151,34
548,258
471,196
274,24
259,219
621,216
610,148
306,236
100,14
243,14
451,249
121,121
735,706
59,10
359,307
1
4
5
5
7
13
16
18
18
20
27
29
30
33
36
37
40
40
40
42
45
46
48
50
51
54
63
64
68
71
72
72
74
75
77
79
84
88
89
91
92
95
99
102
105
110
114
115
117
118
119
123
123
124
125
128
131
133
134
136
136
137
140
148
150
151
153
154
154
160
161
166
171
171
173
178
179
185
187
189
190
190
191
193
198
201
210
215
215
215
216
218
218
220
221
233
246
247
253
257
257
259
260
271
273
274
276
279
280
283
285
285
291
292
296
297
299
299
299
300
301
301
316
329
330
332
333
337
342
344
347
352
355
359
360
363
378
384
386
387
389
399
404
404
406
411
411
413
419
421
423
426
428
429
429
440
453
456
458
459
460
463
464
464
466
471
472
473
473
475
479
492
497
498
498
502
503
503
508
509
514
518
519
531
532
533
542
543
548
553
554
562
569
575
576
576
577
582
584
586
591
593
593
603
612
613
613
623
631
634
637
637
644
646
647
647
649
667
677
680
680
680
686
694
698
710
718
733
740
741
747
755
755
755
760
765
776
801
819
861
867
873
897
900
940
999
1000
1129
1137
1153
