# Primero viene la cantidad (n) de timestamps para ambos, luego n líneas que son un timestamp aproximado cada uno separado por una coma (',') del error, y luego n lineas de las transacciones del sospechoso
2500
5285,824
645,317
3785,1189
7387,6896
3238,2630
140,52
1231,1
3144,1800
4470,1200
2066,1269
1554,286
3535,3445
5433,104
4583,1284
624,29
5900,2175
2104,102
5664,230
7229,6884
7379,349
6777,6684
5527,1272
6287,416
2770,2765
3550,2225
2157,1352
2409,1517
4846,4654
1157,360
3602,1601
5148,3801
7005,2111
4069,977
1920,413
540,189
2099,1920
5344,1112
2379,403
1158,339
4332,1151
6963,2745
6892,5341
6924,5913
4701,1988
5718,3460
6383,5024
5556,2312
5563,1640
4789,1875
5221,514
788,447
3352,3128
4404,3599
7024,3747
931,879
3665,1623
3347,90
2631,1803
7478,695
7239,5260
3486,1635
1407,720
2112,811
105,51
5894,3613
6286,1294
3489,16
110,70
2288,318
3899,70
1086,507
4534,2757
420,134
5905,914
437,140
7436,3747
5511,724
2506,1048
1907,1480
465,35
3578,2191
3202,747
4947,1074
5318,2172
5531,4086
1266,1079
2377,746
5188,824
366,220
7482,6180
6581,4422
3475,1463
2356,850
3660,2866
1596,423
47,27
6999,3421
226,65
4776,894
1060,985
2470,995
6313,2774
150,104
1250,36
410,375
4047,3910
7059,4323
3230,2170
968,346
5355,2493
5651,3266
2111,392
4333,4013
5939,3974
5467,3428
1604,764
1631,1432
7491,3424
7099,308
1381,346
171,76
3172,328
732,524
6050,814
2130,503
5521,5496
4535,4498
4839,1795
2554,968
5575,1836
4492,4298
4166,1496
3589,755
5821,1337
6985,1459
3812,3509
5129,1061
2420,2331
4068,2151
1538,983
1387,1211
3511,1708
5349,3994
4167,1562
6853,6489
2399,777
967,764
675,5
248,28
1261,1115
2499,765
7261,4730
4249,187
392,317
2881,1834
4399,2515
990,598
4613,2479
4503,173
949,455
3466,899
3605,2688
1880,1765
2998,774
5025,3451
369,365
6398,920
4921,2643
6511,1813
5969,4076
358,85
6354,6337
3997,3359
2969,1211
7251,4453
3072,2671
7357,5263
799,116
1647,165
4386,548
2919,2372
6488,1050
4337,2242
5442,2509
2344,1746
3204,1847
4010,3252
1657,1400
4970,4896
6784,5376
3084,2007
1520,943
3083,489
3592,3117
2333,1664
6716,729
5487,3992
5128,1030
1024,411
5986,2942
6589,4124
6845,2025
6475,5816
2136,2129
3090,507
1961,1707
5479,4468
2072,606
6701,2288
121,104
797,524
5370,340
2159,74
4448,3966
2548,1127
2908,1548
2305,1593
2678,2149
4357,1588
208,180
7437,6569
7242,3915
2424,1871
1300,819
1829,396
5969,1658
521,342
1899,624
1414,734
7498,457
1869,1428
1671,665
5230,4588
3327,2777
1600,532
722,72
6366,6216
2669,766
2676,1328
2223,1556
903,775
2031,1077
896,729
2625,1224
1170,319
2300,1809
470,374
6747,237
6808,2786
299,256
2044,28
3297,3024
6089,4764
4119,2366
7500,1
6912,5705
6027,3693
1593,822
5707,4218
5068,827
6628,2023
6070,3405
4599,3402
3013,2978
4466,3457
1120,1075
2196,199
294,236
6922,4892
3613,276
2605,646
4441,4187
6644,1853
678,96
1917,1724
5420,3765
3200,981
2813,2657
6605,2651
5056,2696
7424,4884
5553,1580
2310,1270
2359,2050
285,180
566,267
5861,3373
5644,3160
2586,1866
3748,3295
362,194
3658,648
3347,3316
6807,2849
4474,1630
3664,3026
3482,3042
3985,320
4018,1
4382,996
1350,177
4867,4535
5380,2580
1407,479
1654,630
5416,5398
3820,6
5887,3932
1044,381
6090,6025
2793,999
1557,1011
2591,2349
762,654
1472,119
6675,2489
6755,1232
3457,363
4984,1241
4120,3143
1890,1018
3350,441
2661,628
4052,3060
6351,4147
5798,599
6072,1704
3506,1392
4921,4058
2419,1729
1777,177
3624,1353
4226,2623
2405,2023
5771,778
5346,4148
6441,1699
3338,11
1968,1075
5132,4131
2348,2022
6141,4850
2684,1497
3996,2472
4576,4100
5775,593
7456,4585
4660,2668
6139,4703
1957,788
3213,3086
6664,831
5216,2227
4456,2353
4792,1827
4293,2855
5163,3920
2633,140
3859,1257
3632,3298
1015,324
2020,490
5326,4553
1978,385
4235,1256
1465,972
5546,2709
6878,2918
1283,1094
2107,433
3275,1687
2121,966
7147,7119
5128,117
6701,5660
2259,1811
6860,297
6298,5846
803,228
5169,2248
254,25
7423,2184
2059,804
4643,2052
3253,27
603,36
2691,1040
6847,2603
587,347
3283,2943
4317,3884
6966,6589
56,24
4377,4000
3765,1544
5253,2985
6821,193
2072,776
6442,6157
1485,14
3425,650
7482,265
768,129
273,198
4935,1445
3094,1912
2948,1357
3088,2594
3683,1650
6681,156
2668,798
4163,3318
4438,3999
348,230
5176,270
4191,1842
2776,2387
1876,1645
6362,4596
1657,1269
1375,947
3555,2530
2662,649
3512,1193
1694,363
4577,2860
4778,1711
2793,2188
7141,1099
2264,182
586,506
1586,531
482,279
2526,1919
5184,1382
3756,3078
3008,1086
1924,1683
3208,2465
4119,3707
2803,181
3824,1408
6464,4567
6235,2165
78,53
6616,40
3296,369
5777,3328
6956,4551
3811,3454
4650,2570
3813,1339
131,24
3531,2106
1440,1131
239,68
369,2
2438,1251
1600,1444
7375,1012
7105,2078
7258,3564
3986,3378
1626,508
2692,1200
5562,2161
6951,978
4507,4158
3973,3823
6651,1991
3523,2623
5578,1623
1632,842
246,85
1580,1538
6314,5422
7120,6158
5944,94
2181,336
1731,966
6496,6126
125,107
2101,2044
4476,860
4812,1313
6400,3376
3471,2968
6719,5682
7252,4773
4382,1762
4707,3418
123,45
238,198
5816,992
4156,1688
6742,6480
6196,2862
6406,1860
1266,96
499,91
856,678
4140,1135
2162,1840
6934,1684
242,118
3966,2706
1964,824
5257,3372
6017,2932
6728,4345
6149,2472
4827,4211
6572,5090
3534,2975
1989,135
6308,2123
2219,631
373,296
4239,491
6966,3052
2649,2241
353,248
6392,5287
4391,2832
3340,1783
5101,3876
3916,3074
5458,788
825,721
5978,4203
2315,2084
3287,1075
2272,859
3076,66
7403,932
5240,2304
2735,527
268,77
3284,568
6292,3382
4179,3886
5830,5560
6617,3650
6444,573
1232,193
1421,731
6004,157
4679,1308
5748,1625
5819,3526
2240,2084
1904,1616
6610,5028
4270,395
1178,311
270,166
5216,3207
1091,710
1829,1352
5691,2778
6383,138
5082,365
6450,1938
2605,1936
5360,2426
5108,2920
7354,1764
6290,3100
5822,582
7290,4182
3637,2002
582,538
1175,1018
3624,731
1594,1023
2798,497
5026,3864
5833,3793
4769,2145
1843,200
1953,1400
582,347
5248,2563
49,46
2087,783
1902,706
4283,1914
6535,5543
2766,973
6906,1602
339,61
701,451
3530,3136
1878,926
7086,4492
5769,2024
3527,3268
3806,3692
3733,848
693,62
512,183
5271,823
1148,1074
1693,9
6690,6443
5286,2429
2555,564
7469,4927
1921,867
4359,4313
6,1
2030,765
652,566
3732,496
7387,4678
5452,2648
1788,6
6871,5778
1620,799
5599,810
5616,1799
737,709
1815,1120
3127,1516
3657,1955
3729,2703
4380,3770
393,165
5906,385
1282,594
4191,620
1269,183
2469,2148
2,2
212,146
4914,4171
689,297
2507,2502
1703,1293
4533,3726
3834,2399
3008,786
1905,161
3492,159
3513,3225
1537,588
6319,3751
6229,4556
5247,3325
954,629
5607,75
4050,635
7271,5445
5889,4247
4868,660
4601,3296
852,770
3853,2514
591,245
5684,4548
1799,865
6330,3203
7246,5082
769,162
2484,2178
3961,1951
3516,3082
2123,1914
3584,3474
6756,4113
1186,632
121,1
4533,1625
3160,1919
5054,2584
3508,2440
1935,199
1290,963
393,211
1554,278
697,349
7272,4087
891,477
6365,2303
3911,3117
7109,5515
7408,1009
6576,2641
167,64
1874,1212
1293,394
3899,1771
1212,3
6111,2438
7236,902
6685,1718
6467,3804
386,195
3502,1828
5967,778
3278,2544
7415,6155
280,136
3459,1974
663,252
4711,1980
1815,1145
2075,1864
5714,1049
3360,919
6124,1167
6906,239
6505,3613
5208,657
3721,2521
4161,3549
5887,2952
1634,992
4439,1140
848,26
1195,1164
5037,2326
2978,864
3911,2647
1772,1225
2988,230
1175,105
6904,3062
4981,1552
351,220
2281,216
251,29
5813,4993
6277,3799
1650,1648
3315,2902
873,856
1027,359
5264,4228
4108,1808
1571,627
4,3
3300,3294
2739,1363
5438,4371
104,88
2929,2752
5262,2551
6008,4967
4926,2661
272,233
1070,832
2807,1126
3003,1515
2977,1621
2630,2330
4901,738
3496,233
90,46
1402,1127
2668,188
4555,4131
6555,624
4595,4232
2066,646
872,302
520,226
1183,1153
6264,3142
2799,2410
7317,5201
6394,244
323,141
1772,151
7002,2808
4915,538
958,134
6298,1656
6583,4477
5777,82
2584,320
675,10
4482,4418
806,422
4554,343
2711,2103
591,403
4384,278
4376,3679
4851,4539
148,19
4489,574
3396,3194
3897,3292
1572,1498
4997,2851
302,12
6434,2273
69,63
2902,2422
295,199
4942,492
6864,4934
4355,2200
6580,269
4105,3272
4486,1104
4146,129
825,354
838,624
5982,5931
4641,1925
7167,3462
1969,1274
920,582
4859,1588
1543,505
5433,3736
4228,830
3997,2702
4706,2270
2770,75
1755,1011
4000,192
4673,3562
6400,691
2051,1464
2398,112
4427,315
6573,815
342,61
1201,1072
619,464
4197,848
223,176
2427,2042
3110,1792
1269,608
5607,3571
192,33
4593,4137
5926,5743
6529,4292
3537,1421
76,70
5467,2504
516,319
388,354
6569,6382
1933,575
1638,286
1077,63
1198,612
6536,2152
6177,2080
5625,3635
4887,700
6439,106
7491,7008
6077,3495
3755,518
2319,1019
4805,3400
5722,99
1778,1108
5939,132
4406,1705
950,848
738,160
5518,360
5955,3970
289,24
1404,513
3606,1040
7409,5079
695,230
2740,2503
3956,3216
1857,723
514,375
1133,44
4740,4609
220,210
1988,166
3979,3977
2737,225
1249,239
6483,3607
4977,3739
3100,1010
5982,4925
5922,3232
2343,567
5663,2334
2702,141
2480,1154
7392,6221
4576,4045
6521,5143
2442,291
6789,531
6921,6169
5814,2033
4016,2168
6386,5706
1024,541
1890,202
5643,97
7429,5857
6442,3612
726,432
3310,2720
3393,76
5464,3886
5392,1501
6807,4278
403,165
3334,3328
1613,1266
2865,2453
129,28
1804,1737
6695,5212
1038,590
4688,1952
3490,1135
36,15
3003,88
3116,1664
1911,956
3554,61
6024,3145
6081,5217
1600,1266
3463,1023
5043,2326
5447,5215
1534,890
5310,943
2459,369
4493,755
2528,1277
3171,386
1541,1413
6421,5811
144,80
3894,2994
2493,243
7404,3997
3492,2075
3559,1839
6875,437
6902,3281
919,848
1706,1467
6917,2385
26,20
4661,4106
3671,2895
7251,2883
6970,5943
5695,3478
4220,2473
4979,3676
3071,2877
5614,220
1067,493
3462,1813
3802,3524
3779,1220
4168,1501
3700,3370
2195,1091
1893,1018
614,170
5411,4366
3260,3188
3330,2676
5372,4686
2722,1561
3280,2768
4348,2478
4131,1349
2302,2249
558,208
6507,5982
1495,145
2292,1769
1245,741
6793,5709
6985,3096
567,178
4057,1958
962,698
5952,1336
2525,1539
2599,1000
4321,4150
4026,3680
5153,2250
6678,5313
4005,2084
1312,617
1196,313
3989,809
7443,2763
5207,4748
6098,820
7063,6370
2682,68
3761,828
6474,2051
4158,3328
969,249
6604,387
5237,2642
1715,1671
2582,1911
6738,6627
4518,1631
5348,2796
4179,1999
6474,1402
6897,409
2208,438
6906,6544
256,54
5699,4805
6608,1099
2750,1799
6588,915
5495,1759
3091,722
6639,2046
2378,2055
5114,1474
7477,7332
193,127
6928,2732
3123,14
2513,825
5347,1574
6558,4246
3767,2986
524,477
4943,3085
308,174
4640,3092
4749,2237
4769,3633
6315,2438
2594,1877
6216,3028
6245,3435
2880,2867
743,735
2013,1917
5943,1892
3018,2916
6679,490
924,114
4067,1198
2065,1394
2790,308
6314,4097
5613,5492
1103,1016
5188,2540
5628,2873
617,494
2712,1922
3584,1616
2665,856
5826,3733
5653,3822
6353,1450
6577,1923
1633,165
4345,650
2456,693
6434,3056
1409,375
5457,3584
1844,1030
3304,2782
1076,706
4271,215
520,270
5003,1795
2602,2017
39,10
288,140
5288,2349
837,406
1322,970
6142,2546
4458,683
3414,93
6415,5964
967,137
766,165
2070,1891
4103,1014
5506,5230
6674,5963
1735,1461
1429,250
1021,613
861,285
6577,3399
3519,2209
5147,3581
2155,1505
1544,1336
1259,735
6310,3153
5545,3907
3176,2395
6853,5037
6888,4589
4623,4551
4996,944
6623,4735
3179,2389
622,510
3294,261
7377,5807
368,59
2532,1000
4375,563
1741,937
1856,777
3684,196
1157,537
4968,244
38,28
4419,333
3836,518
1052,93
4534,3176
3550,2866
3643,2887
3064,1806
1849,1839
1764,1584
2474,2423
3541,2671
3096,859
4493,1284
7248,1404
1916,242
2763,2517
3065,1046
1814,631
5060,1854
1256,692
3180,2552
6913,2450
3946,117
993,512
6757,42
1251,932
1383,165
2792,180
6651,4726
815,126
3668,1244
5239,5133
6741,2880
1943,598
180,100
5968,2495
269,147
2978,373
4827,9
2946,2304
2869,568
4932,4109
5032,4890
5575,1489
961,185
1912,714
2073,1058
5713,1285
1066,684
3776,1955
4234,881
4094,3649
3613,2388
4789,3677
6565,6270
7457,2716
2149,1004
3966,2437
6694,4320
5493,2510
118,30
5820,2083
3979,298
2152,943
6026,5501
5497,897
3451,1776
3539,2570
5444,3116
1743,344
5137,22
4459,1401
4498,1179
868,467
6346,4986
2240,1997
1058,3
2771,1965
2529,1943
259,165
6102,5365
3993,3845
7245,4052
1069,1037
5210,3391
739,600
6617,3040
6159,3970
995,99
1984,238
6012,5536
924,307
7375,3707
7088,1316
1316,909
5847,633
6702,1887
2275,43
1260,979
2292,282
434,400
2227,1113
1160,984
3542,181
6900,5646
2416,1801
2389,1858
285,193
3475,1381
3014,489
1458,1206
6428,5192
3631,2313
3197,2414
5070,2341
77,56
4326,1028
4636,1144
3508,2561
1917,784
943,454
1688,359
3506,3218
5126,4129
5012,4342
862,447
866,188
3490,1890
6677,462
1911,1487
5791,1492
2611,803
242,135
2365,1405
1561,241
772,167
3081,1514
4863,473
5558,2951
889,718
3900,325
1643,378
5769,3122
4864,4861
48,18
4096,2396
4070,2482
3381,2076
3325,1586
7334,4157
1312,644
6056,4704
3386,2520
7058,3564
5466,1595
7376,1431
5304,1896
3587,826
1970,881
1586,850
1522,755
156,106
7375,518
1561,1468
6545,2905
5479,4050
2799,696
4236,4002
3489,828
6761,2416
441,29
4747,4696
3548,198
1978,295
2659,1279
3173,458
3223,1676
3098,137
5516,4247
658,126
1552,554
6432,5406
2202,1731
504,484
221,78
6215,5967
5518,480
4926,3624
2493,747
3402,2912
5822,3038
2609,573
421,389
3768,373
2885,2238
3689,938
5723,2117
1206,609
3801,3460
4029,3090
3674,3417
7439,2051
5080,742
5024,81
4272,267
5438,2977
5122,2410
3023,278
1541,845
560,212
1713,233
1935,861
2219,731
4299,2165
5707,3081
4538,4325
5515,4177
1863,1760
4307,587
3562,1453
2566,1072
6308,4507
2275,1340
3481,537
3123,1664
1911,1452
5110,2479
2046,95
1276,399
3501,3080
3005,1473
1054,925
5442,4662
7189,3812
7004,4408
3213,1976
3569,2090
5100,4129
6286,3840
2862,2649
697,677
495,68
5233,1967
651,380
1060,479
260,134
4319,3696
5513,3239
2150,1769
2992,533
6510,1220
3585,2332
2408,166
1882,564
7348,357
3432,2018
4248,550
4212,4212
5534,3796
5804,5760
1642,1439
1135,324
3220,1573
51,28
853,75
4669,1024
6192,2605
4250,3934
3398,2757
3351,1661
7464,4781
3934,407
353,52
1360,1215
262,53
4405,1654
3084,1575
2500,1404
3255,1211
841,254
6440,5255
1161,819
3508,2753
5256,3412
1511,568
4455,4440
1706,205
1784,1695
1366,885
3154,2056
3856,1130
1851,1525
1523,329
2882,210
1539,963
2110,71
2756,413
2153,1861
910,707
2510,1854
4212,3555
4041,1753
2569,2109
6955,6663
4451,2046
7163,3288
4903,4352
4129,2141
6015,3237
5865,574
6997,6798
7241,6542
1709,654
1792,237
5642,4447
4754,2353
1792,206
3228,740
4183,3860
1238,614
7014,6588
4477,4370
1504,137
995,496
5183,3146
2555,1574
7425,1509
3493,502
5782,435
190,41
5502,2130
609,23
870,681
7285,2240
4839,2757
92,34
4986,1655
5192,2567
695,104
6296,3771
2172,13
1262,724
1525,220
5231,2972
405,167
4380,4167
184,33
985,482
1005,581
5310,787
3643,1689
2231,1411
777,467
3792,328
5345,4631
623,89
4790,2965
3901,3888
2308,1883
6824,4178
5462,3273
2143,1761
4325,2159
7225,5693
1588,1033
6770,4709
4413,1096
548,32
3009,215
3419,1940
7477,2522
1642,1047
1471,846
6252,794
6861,3963
7031,4691
314,312
7295,2897
4621,859
5778,3927
3665,919
3811,1043
2806,686
2801,410
7352,4558
3820,2836
723,471
5162,5159
260,43
2506,279
3092,2146
6213,4307
1357,1015
6539,6402
1121,799
6082,5891
5832,1814
4092,1265
1009,518
5259,2622
6394,471
4821,4723
1843,436
325,75
2124,195
58,29
6637,6401
2468,426
3702,1627
2307,1893
2026,1618
5024,3225
3258,3058
4289,2666
1234,506
4021,3851
2850,206
2285,2058
1846,470
4416,587
4314,457
2208,1560
6113,3629
1334,1110
5056,4300
6985,925
5157,710
3624,3408
5975,5594
785,584
3427,3362
4668,575
5143,350
7208,4452
2663,89
2091,1934
5409,2459
2570,2002
5382,444
1638,703
2476,2011
1018,227
1352,565
4658,4350
1567,512
1305,736
6414,4921
560,361
6388,2814
2674,1731
7273,5389
4389,3958
3829,295
1235,1221
6135,4655
4825,950
3425,2045
1324,483
1666,1561
7071,2398
4341,2814
2239,206
1139,201
130,121
4189,80
4819,3309
4825,1324
4404,2234
7234,2660
1106,355
674,94
7448,2673
1995,1326
3479,2504
1477,22
1455,1287
6265,1709
245,218
7078,5345
7437,6846
207,175
920,710
4748,1565
1859,473
6178,1
6450,4965
5229,3
1892,833
472,297
3143,2934
7485,5887
5713,5310
4754,4509
6595,2953
4188,3279
4398,3994
5727,527
5481,4390
1952,41
3242,2679
1041,60
4496,1669
6178,90
6581,5215
3709,1747
5755,5314
6297,6174
5967,959
4973,261
2541,859
2180,1790
6461,628
3901,882
5128,512
1692,125
1336,657
1369,1169
1135,989
6987,3359
747,287
6904,6455
5935,651
5834,5758
3505,379
4478,2788
4137,2553
3466,3337
7236,3068
3492,2399
1119,1028
6536,3717
3386,1639
2949,1632
3201,2159
4312,3864
3906,1792
3275,1610
5147,1386
4234,2132
1826,340
2911,2069
3817,1206
5341,1062
697,8
809,498
4892,2512
2743,458
7228,6406
6289,6277
5665,1912
3583,3237
1414,192
3078,1182
87,49
6039,4189
6806,5173
2520,2119
401,219
7039,4453
4561,324
5259,4110
6501,4416
5766,5049
4415,2781
5868,2153
6687,624
6811,2918
1700,161
1412,137
5788,1204
6036,5456
4604,2798
6623,4533
3695,358
4030,3439
4657,4268
2894,2150
760,729
3799,249
2028,350
5277,1337
6706,6387
536,487
5523,3289
555,69
5399,4634
5253,2873
6378,6274
4497,4346
4671,1309
3134,2524
431,426
2265,452
2159,1163
3966,3354
5457,3367
4531,2131
1598,207
5598,1713
7215,1379
336,313
4174,1888
501,224
3332,606
1155,432
2553,875
6295,3033
5732,354
1524,109
2122,901
6241,3499
5797,2586
2791,2744
6560,3545
5093,3366
5504,2037
4831,893
5190,1553
28,9
5264,3403
597,272
2251,654
2996,1384
6572,4154
3668,1327
7047,4617
969,238
5461,2455
828,509
5467,44
5835,2242
5774,4775
5487,984
4751,2956
1173,706
403,16
6741,2965
203,195
4670,4138
5056,1802
7038,1574
1304,648
1776,268
2716,827
6240,2850
3646,3474
2582,190
819,82
1540,1288
4013,1074
3359,1824
4910,1179
6141,3946
5555,1003
2426,1325
6244,2992
3516,729
5981,1035
322,181
3237,2833
7239,2877
6743,3038
145,143
6211,1867
5120,3771
1887,795
3463,1608
7222,1253
4634,2916
4996,3881
5238,4322
5019,385
4085,372
2647,2401
4170,1810
1246,1189
4809,971
3302,1272
5033,3748
2660,1371
689,294
5734,4513
4131,414
3456,386
467,451
5559,1560
7493,1271
6576,1000
1693,330
2630,100
405,263
4440,4278
3467,3379
4779,559
7211,2272
5819,4620
1932,1606
5658,2373
2318,1811
5477,3734
4854,1783
729,526
7467,7108
6099,2742
5852,2985
4669,1972
4241,413
5872,2363
1917,1890
1254,658
4181,722
5406,2867
5357,3583
6714,5607
2173,2109
6214,4727
6749,4142
952,585
1810,572
6296,3641
166,155
794,279
1058,999
2421,1821
5708,1059
4455,2718
2792,1297
2989,641
1321,585
327,274
1067,501
5925,3449
2005,351
402,72
5779,2967
544,435
4907,740
2526,1434
2955,54
1275,358
7006,5841
2790,886
6107,5725
3735,1550
746,446
117,11
1691,860
5538,1151
2646,2067
292,48
4721,4487
6880,4357
4210,2947
5551,5354
2555,1950
6107,2663
5485,2405
3767,2845
7285,364
1975,1359
4156,22
7014,1301
2911,2675
1574,29
4609,2724
3029,2589
4351,3080
869,207
243,36
3333,46
7057,813
2521,257
331,321
5891,1507
3846,1930
2485,1276
154,35
1680,388
4831,1147
1559,912
3576,2845
5078,893
6497,1174
3810,3239
3733,3057
3282,1701
3842,1373
5125,2297
445,261
2350,322
1595,985
1796,173
2938,1694
5154,5077
5664,5609
7343,6276
5558,1916
4557,1082
677,673
3461,1796
5212,2445
4952,166
2622,2560
306,104
7469,832
1193,688
5888,2299
6265,2104
2438,1910
3328,1840
5706,5467
6771,883
4050,3104
2272,729
1490,1449
1294,1047
2886,1906
6468,620
973,858
3564,1531
2172,2076
5760,914
5636,683
1532,903
2745,113
5490,5475
3354,2971
5614,5382
284,279
149,145
4730,1067
2330,698
7024,3030
6611,4398
2363,803
4382,1942
3499,3388
6945,1836
107,49
6331,1152
1811,1530
954,828
5563,3064
3638,3044
1703,547
6687,2131
935,764
1574,164
5688,363
1039,446
1954,1359
256,7
4372,275
5651,2692
2039,1603
6094,3515
5971,902
1137,235
6670,179
5653,1206
7118,5873
297,19
6670,361
4685,2925
3591,2366
5927,5723
345,251
4320,760
2807,264
5735,4556
2805,461
5763,1449
5803,1972
4960,2366
7008,2222
102,97
6674,4304
3899,991
875,505
380,349
2389,738
5212,2342
4488,1437
370,272
4637,2240
6985,1426
4252,1592
2963,978
1003,601
7313,1861
7352,2025
1896,41
1521,1509
956,321
122,65
1551,1055
6445,4836
2173,1793
5476,3359
7190,4300
10,10
4237,2192
278,121
92,70
4868,4245
744,318
6795,5841
5875,2406
6427,2590
1729,361
5917,2327
6863,5435
3390,721
3723,165
1401,121
5784,5444
221,176
3372,22
3218,2593
6598,2137
4076,3034
2297,1060
1296,359
4331,4073
2700,183
5035,4437
7080,5536
2048,322
7209,5692
5074,1502
4730,3920
3580,2012
3411,2960
822,778
5648,1812
7188,4968
964,950
1347,919
1624,82
4808,3973
3177,1366
1109,669
1923,915
2923,954
4230,2666
6988,6367
2186,1039
2052,1714
3339,1412
4963,752
4459,2277
1626,680
2225,1045
5290,3046
1460,600
7014,1395
6068,271
2458,838
7040,4261
6348,2034
2858,632
4951,2830
6322,5470
2017,1902
353,8
1535,1193
2072,714
4389,402
7462,7385
21,16
27,16
457,31
733,299
3446,3026
486,461
949,743
6416,389
342,267
7223,2010
4329,656
3488,1293
2047,6
909,636
5061,1876
1820,1073
6419,769
153,10
939,367
7024,4828
5978,5234
3344,2952
5257,4943
5126,1679
3171,2225
1303,1186
2060,1458
1225,621
1433,1324
1275,1197
2470,221
6760,5413
5345,3300
3375,1839
5896,181
4483,1396
1500,1326
2272,482
4465,3928
7124,5657
5952,1917
3216,1497
5840,923
5040,3941
5209,344
4079,2604
97,93
3239,2469
2517,262
5323,750
6624,1459
1356,410
77,20
5560,5420
7131,1970
1397,1119
913,269
5033,1891
6564,1904
3393,3376
4812,2852
6352,1592
7220,6372
229,4
671,559
5300,3050
4910,613
5245,3427
2090,1650
1093,6
235,199
3269,914
5359,2053
3106,277
7117,6512
5545,1120
2263,1841
1131,28
2612,722
805,600
2153,991
6248,5528
5276,5177
2093,814
5241,3348
4837,3544
2615,1841
2440,360
7110,3139
5963,1555
5605,5486
6031,2732
3798,577
4596,4138
2281,96
5860,1687
1599,1200
5008,4947
2761,2604
3504,3314
1302,505
2212,32
6527,2324
3829,413
60,56
1968,86
6233,1550
7478,1422
2962,396
6762,4196
307,81
3139,464
819,309
4878,3305
2727,615
1397,1238
6602,4367
3405,2142
3396,2158
2627,2275
5503,1418
2360,718
4260,2373
1216,25
7364,4289
4394,3359
5516,4330
10,1
6182,81
4943,1538
6990,1763
7220,1898
5756,315
6905,4609
6318,938
4716,3573
1453,417
196,105
7410,1634
428,294
1071,672
7129,142
5271,4629
229,111
1371,1187
7009,4929
539,521
3436,2222
4969,4569
7469,7294
124,23
4719,2144
5570,5193
2943,246
640,251
4469,3601
6848,2108
1558,135
6017,1064
7311,516
3905,710
7335,832
1671,1519
1778,1322
6429,167
5284,841
6725,6411
5972,4442
2229,648
2181,6
6245,1075
1299,1278
4754,2245
381,215
3015,1885
2503,1623
6426,3703
5050,2143
4131,1843
4528,2248
364,333
1934,605
5400,576
4287,2574
4299,3224
2883,2370
1566,64
110,47
2137,304
5904,5356
1784,231
7466,5854
432,239
1786,39
1651,1290
4294,1673
6987,5199
2797,1972
1932,552
1023,35
5514,1144
4953,3691
795,15
4150,518
2003,666
7377,4201
2498,342
7338,2288
5782,3209
7043,2730
790,470
4306,96
617,131
7267,3296
5690,2024
259,158
5647,2441
646,411
4559,2264
4215,733
6033,5401
1526,1176
797,506
5548,3462
3058,2763
2501,2371
7023,3049
7150,342
1514,674
1561,211
6990,2277
6288,1996
13,13
2400,1740
1453,898
7335,618
5527,4232
2056,1130
7383,1852
3014,1226
7034,6204
2245,872
6253,3749
2924,2807
591,139
7168,4337
644,369
7286,4208
6380,3647
6122,1558
6210,2932
4430,781
2233,823
1111,137
2996,1850
3860,2631
3434,472
2180,2017
5084,4836
4734,4162
4810,966
1088,662
5789,4670
5463,1256
4004,3377
1748,549
2686,993
1537,1339
1448,1188
6445,3792
185,52
2702,233
2274,1816
7078,5660
7386,5034
5143,1207
1174,29
6246,5978
5627,3055
5655,1918
6559,6551
174,165
6848,1950
6180,2909
2913,1199
2698,1851
5487,3469
5788,991
4351,874
6704,118
257,139
6265,3695
3480,1282
6581,1027
3185,2361
1436,89
1878,168
410,153
5724,1074
3065,1900
5449,2044
5934,379
1044,468
7233,374
5829,3258
3041,1008
4673,2700
559,322
6028,436
1184,319
2602,672
361,348
6827,6701
4286,2001
261,255
5783,4121
5469,3119
3146,694
4245,1098
6072,5166
2910,1828
6519,78
6978,5774
1911,323
339,37
6476,5808
1251,445
4669,2945
1004,914
4145,676
961,806
413,275
1739,271
1455,1241
487,191
4792,459
4278,1847
6668,1768
143,7
4014,3725
2449,1246
2370,1122
4080,489
1159,178
7026,2555
6879,5533
1800,421
6627,2895
1194,215
834,747
6343,1520
5943,5642
3888,1754
1880,83
4267,1949
1849,1528
4075,304
3095,1395
3169,2817
4470,2879
2835,907
4159,3291
4222,4101
6402,2185
1096,595
806,194
2312,287
2470,107
4949,2754
2219,1830
933,483
1930,1189
7253,3205
4116,1004
6550,2444
1208,1058
5952,272
4069,3258
7133,3801
2093,1843
5740,4743
2733,2021
4586,1224
5405,2587
4910,649
5263,3318
4796,127
5700,5248
3877,3157
6852,4145
1070,735
2967,259
7237,3684
3681,1667
6317,5587
0
3
5
7
11
13
19
19
26
29
29
30
32
33
34
35
37
37
41
43
43
49
51
53
54
57
64
66
69
70
71
75
77
85
92
97
98
100
104
106
107
108
110
110
111
112
112
114
114
120
120
120
122
123
124
125
131
134
135
136
136
140
142
144
145
148
149
151
153
155
156
156
164
166
169
171
177
180
182
183
191
197
200
203
206
209
214
217
221
222
223
224
225
229
235
236
237
237
237
240
242
245
247
250
250
251
251
252
252
253
254
258
258
261
262
263
265
268
268
271
273
273
274
276
278
289
290
290
296
297
298
298
298
300
301
302
310
310
311
313
315
319
321
328
328
329
331
341
341
342
343
344
345
347
347
348
349
349
353
356
357
358
359
360
367
367
369
370
371
375
378
379
379
380
383
386
389
391
392
395
397
398
400
409
410
413
416
417
417
420
432
434
435
436
437
442
447
449
450
455
456
456
461
463
464
465
469
470
473
476
484
487
490
502
502
507
509
510
513
514
514
516
519
524
533
534
536
537
539
543
549
552
554
555
558
559
562
563
564
566
567
568
573
578
581
583
584
588
590
592
593
593
597
602
604
605
606
608
611
613
614
616
617
619
620
621
622
625
627
629
630
630
631
633
633
635
636
636
639
640
641
649
662
662
663
664
665
667
669
671
673
673
674
677
680
680
680
687
689
691
694
697
701
702
702
704
704
705
705
708
708
710
713
714
723
724
726
726
734
738
740
741
743
744
748
748
750
751
751
759
761
763
766
769
771
777
783
786
788
788
790
793
793
794
801
805
805
809
811
814
818
821
821
824
826
829
830
830
851
853
858
859
866
867
867
868
869
871
872
874
879
881
881
884
895
901
905
906
908
911
917
917
923
928
930
933
942
942
943
946
951
959
962
962
963
965
967
973
975
975
977
979
986
986
988
990
991
994
995
995
996
1000
1002
1006
1018
1019
1021
1022
1025
1030
1038
1050
1051
1055
1056
1058
1060
1061
1062
1062
1064
1064
1070
1073
1079
1080
1082
1087
1088
1090
1091
1096
1100
1101
1101
1101
1102
1107
1109
1112
1115
1120
1121
1122
1124
1124
1124
1125
1127
1130
1130
1133
1139
1139
1142
1144
1147
1148
1155
1157
1157
1159
1163
1165
1168
1173
1180
1181
1189
1191
1202
1203
1204
1208
1213
1218
1223
1230
1231
1232
1232
1233
1235
1236
1237
1241
1242
1243
1244
1246
1249
1250
1262
1263
1264
1264
1265
1265
1267
1268
1268
1268
1269
1270
1273
1273
1275
1276
1277
1279
1280
1294
1296
1297
1302
1304
1304
1310
1311
1313
1315
1319
1322
1328
1335
1336
1338
1342
1343
1345
1345
1358
1359
1360
1366
1373
1373
1373
1376
1378
1381
1382
1382
1384
1385
1389
1393
1396
1397
1400
1401
1401
1402
1405
1406
1409
1409
1412
1416
1417
1418
1422
1422
1423
1424
1425
1426
1426
1429
1430
1431
1435
1436
1437
1439
1440
1444
1446
1450
1450
1451
1452
1453
1468
1468
1471
1474
1474
1474
1475
1484
1486
1491
1492
1497
1504
1506
1507
1512
1514
1517
1519
1520
1523
1525
1527
1531
1535
1535
1535
1536
1537
1540
1542
1545
1554
1556
1558
1559
1559
1563
1567
1567
1567
1570
1572
1574
1577
1579
1586
1588
1589
1590
1597
1598
1603
1604
1604
1607
1610
1611
1611
1618
1623
1626
1626
1628
1632
1635
1635
1637
1638
1638
1638
1639
1639
1640
1646
1648
1654
1656
1657
1660
1670
1672
1676
1678
1679
1679
1682
1684
1686
1687
1687
1690
1690
1691
1693
1707
1708
1711
1715
1716
1732
1732
1735
1738
1742
1742
1745
1748
1753
1755
1760
1760
1763
1763
1767
1769
1772
1780
1787
1790
1792
1793
1795
1797
1811
1813
1814
1815
1817
1819
1822
1822
1827
1829
1831
1832
1834
1837
1839
1839
1841
1842
1843
1845
1849
1850
1851
1857
1860
1862
1862
1864
1870
1882
1890
1891
1892
1895
1895
1896
1897
1897
1903
1904
1907
1908
1909
1910
1911
1913
1913
1916
1917
1920
1924
1927
1927
1929
1929
1933
1935
1937
1939
1940
1940
1941
1942
1942
1943
1945
1946
1951
1954
1955
1956
1960
1965
1965
1970
1970
1972
1972
1977
1978
1988
1993
1994
1998
2002
2002
2004
2010
2014
2019
2019
2020
2027
2029
2032
2032
2035
2036
2037
2041
2042
2042
2042
2046
2049
2051
2055
2055
2059
2060
2063
2065
2066
2070
2071
2072
2072
2073
2073
2074
2079
2082
2088
2088
2092
2093
2097
2100
2101
2102
2105
2107
2108
2113
2113
2114
2116
2118
2120
2132
2137
2149
2149
2150
2152
2155
2157
2157
2157
2159
2160
2164
2168
2170
2171
2172
2180
2183
2185
2186
2208
2208
2219
2220
2223
2226
2227
2230
2231
2233
2239
2242
2243
2243
2243
2244
2263
2264
2268
2279
2279
2282
2284
2288
2289
2291
2293
2293
2297
2306
2307
2317
2320
2322
2325
2326
2327
2332
2334
2338
2338
2339
2340
2346
2347
2348
2351
2352
2355
2360
2364
2365
2372
2373
2374
2375
2375
2378
2381
2386
2387
2389
2390
2390
2394
2396
2401
2403
2409
2409
2410
2410
2411
2415
2416
2419
2419
2428
2432
2434
2442
2443
2448
2463
2485
2495
2495
2496
2505
2505
2512
2519
2521
2523
2525
2531
2532
2535
2535
2545
2547
2550
2557
2558
2561
2567
2570
2571
2575
2580
2582
2582
2584
2588
2591
2594
2603
2609
2610
2610
2614
2623
2624
2624
2625
2630
2632
2635
2636
2638
2641
2641
2642
2642
2647
2647
2650
2651
2653
2654
2658
2665
2667
2669
2671
2673
2675
2675
2676
2676
2678
2679
2681
2682
2684
2684
2685
2687
2695
2695
2695
2712
2713
2715
2719
2721
2723
2725
2725
2725
2725
2725
2728
2728
2734
2735
2736
2741
2749
2756
2761
2762
2763
2768
2768
2772
2772
2775
2781
2783
2791
2793
2798
2799
2801
2802
2805
2806
2810
2816
2820
2822
2826
2826
2830
2831
2832
2838
2847
2847
2850
2850
2850
2853
2854
2857
2857
2857
2862
2865
2865
2866
2867
2868
2869
2871
2883
2884
2885
2891
2891
2891
2892
2894
2904
2911
2914
2914
2917
2921
2922
2930
2933
2936
2937
2941
2945
2948
2949
2953
2957
2960
2963
2973
2973
2974
2977
2980
2980
2983
2984
2988
2995
2997
2999
3000
3003
3003
3012
3013
3013
3017
3024
3026
3029
3036
3037
3037
3039
3051
3056
3057
3069
3071
3079
3086
3088
3092
3093
3096
3099
3108
3110
3111
3120
3124
3124
3125
3127
3131
3134
3139
3140
3142
3146
3147
3147
3149
3150
3151
3151
3154
3160
3161
3162
3165
3166
3167
3167
3172
3173
3174
3176
3181
3181
3181
3185
3187
3193
3193
3205
3216
3220
3221
3221
3224
3224
3230
3232
3236
3245
3246
3247
3251
3254
3264
3268
3273
3275
3287
3289
3293
3293
3295
3298
3300
3310
3319
3320
3322
3326
3329
3330
3334
3336
3336
3338
3341
3351
3359
3367
3367
3370
3370
3376
3377
3378
3386
3388
3397
3398
3398
3402
3404
3409
3410
3410
3411
3416
3427
3428
3428
3432
3438
3440
3442
3443
3451
3456
3457
3465
3476
3480
3481
3493
3493
3494
3499
3500
3500
3502
3505
3511
3522
3524
3525
3529
3533
3534
3535
3539
3539
3539
3539
3540
3546
3546
3548
3550
3555
3565
3570
3580
3580
3581
3581
3581
3588
3589
3597
3604
3607
3611
3611
3619
3627
3628
3631
3632
3641
3652
3654
3658
3659
3664
3665
3677
3683
3686
3687
3687
3692
3694
3700
3706
3709
3710
3710
3723
3725
3725
3736
3741
3742
3747
3753
3754
3755
3755
3762
3765
3765
3767
3768
3774
3778
3779
3780
3781
3782
3783
3786
3791
3792
3808
3809
3811
3813
3816
3816
3820
3820
3822
3822
3822
3832
3835
3839
3839
3843
3849
3853
3855
3855
3856
3857
3858
3858
3860
3862
3868
3869
3869
3870
3871
3874
3874
3878
3878
3878
3879
3880
3886
3890
3903
3904
3905
3907
3911
3912
3912
3917
3918
3919
3928
3930
3931
3933
3933
3936
3941
3942
3945
3946
3948
3948
3948
3952
3956
3960
3963
3972
3973
3983
3983
3988
3989
3990
3993
3994
3999
4000
4003
4006
4013
4017
4021
4023
4023
4026
4030
4033
4035
4037
4041
4046
4047
4050
4052
4053
4056
4063
4064
4072
4073
4083
4084
4086
4088
4095
4097
4097
4102
4103
4105
4113
4115
4118
4120
4127
4132
4135
4137
4139
4139
4140
4141
4144
4145
4146
4151
4151
4151
4153
4153
4169
4170
4175
4183
4189
4189
4189
4193
4194
4198
4200
4201
4201
4207
4211
4213
4214
4217
4222
4228
4230
4231
4231
4237
4239
4242
4243
4244
4245
4250
4253
4256
4267
4268
4269
4278
4278
4286
4289
4291
4292
4293
4296
4296
4299
4300
4304
4317
4320
4321
4321
4323
4327
4328
4330
4334
4343
4345
4346
4346
4348
4349
4350
4355
4355
4369
4376
4377
4378
4378
4379
4384
4389
4397
4401
4410
4411
4413
4413
4418
4424
4427
4429
4430
4434
4435
4435
4436
4437
4440
4441
4443
4445
4455
4460
4464
4470
4471
4475
4475
4479
4486
4489
4489
4497
4507
4508
4511
4514
4515
4516
4519
4522
4526
4527
4530
4531
4539
4539
4546
4548
4569
4570
4572
4578
4584
4586
4591
4594
4595
4596
4600
4602
4603
4610
4611
4618
4622
4623
4625
4627
4628
4628
4658
4658
4664
4664
4673
4674
4676
4677
4678
4695
4697
4698
4699
4714
4717
4720
4720
4722
4723
4726
4729
4731
4734
4740
4741
4745
4748
4749
4750
4752
4756
4756
4756
4758
4758
4762
4763
4764
4765
4774
4779
4782
4805
4808
4810
4815
4815
4817
4822
4830
4831
4838
4840
4840
4841
4843
4851
4853
4861
4864
4865
4865
4866
4867
4876
4881
4892
4893
4893
4895
4900
4902
4905
4914
4915
4917
4927
4930
4936
4938
4942
4944
4951
4953
4954
4958
4958
4959
4968
4968
4977
4978
4979
4982
4987
4988
4995
4997
4998
5002
5012
5013
5021
5022
5023
5026
5028
5032
5032
5042
5046
5052
5058
5064
5067
5068
5068
5070
5072
5072
5075
5075
5076
5078
5079
5086
5087
5087
5090
5090
5092
5097
5097
5098
5105
5107
5112
5114
5116
5120
5122
5123
5132
5134
5135
5136
5140
5143
5146
5147
5147
5149
5153
5157
5169
5170
5173
5174
5175
5178
5181
5184
5187
5187
5192
5196
5198
5198
5198
5198
5207
5209
5217
5220
5227
5227
5228
5229
5239
5239
5244
5249
5253
5254
5255
5261
5265
5274
5281
5282
5285
5287
5288
5293
5305
5306
5306
5313
5314
5318
5328
5329
5330
5332
5332
5334
5335
5336
5338
5339
5340
5341
5372
5372
5373
5374
5376
5396
5418
5425
5425
5431
5434
5439
5442
5449
5467
5478
5478
5486
5489
5491
5492
5495
5514
5519
5522
5526
5526
5530
5533
5536
5538
5538
5539
5542
5545
5555
5555
5556
5566
5573
5576
5587
5592
5596
5603
5615
5616
5616
5617
5641
5644
5645
5646
5647
5647
5650
5651
5656
5656
5660
5671
5672
5684
5691
5694
5699
5703
5703
5711
5712
5721
5723
5723
5725
5725
5729
5729
5732
5734
5738
5739
5741
5743
5744
5746
5747
5747
5755
5761
5767
5768
5775
5782
5786
5796
5797
5804
5808
5813
5816
5818
5818
5823
5823
5825
5836
5838
5840
5847
5851
5852
5855
5856
5861
5870
5870
5873
5879
5888
5894
5901
5901
5903
5916
5918
5920
5921
5921
5922
5925
5933
5935
5945
5953
5956
5962
5962
5991
5993
5998
5998
5998
5999
6000
6000
6016
6023
6031
6034
6038
6041
6042
6043
6051
6052
6071
6077
6078
6086
6087
6090
6090
6091
6095
6096
6100
6100
6101
6102
6105
6109
6119
6129
6134
6137
6141
6142
6142
6144
6145
6146
6146
6150
6152
6154
6157
6159
6163
6165
6172
6172
6177
6179
6187
6193
6194
6200
6201
6202
6212
6225
6230
6234
6238
6239
6241
6245
6246
6248
6259
6259
6261
6268
6272
6273
6276
6280
6285
6290
6291
6301
6301
6303
6307
6307
6308
6312
6336
6344
6349
6351
6360
6366
6367
6369
6369
6377
6386
6390
6402
6409
6409
6414
6417
6420
6432
6432
6436
6437
6437
6440
6451
6451
6458
6460
6461
6462
6469
6471
6487
6487
6493
6512
6514
6520
6522
6524
6524
6525
6531
6535
6536
6536
6562
6566
6574
6575
6576
6577
6589
6593
6600
6610
6624
6630
6635
6636
6637
6645
6650
6663
6665
6666
6682
6682
6688
6688
6700
6715
6719
6729
6730
6739
6753
6754
6755
6773
6785
6785
6786
6788
6790
6790
6793
6800
6800
6808
6819
6822
6822
6827
6827
6829
6830
6832
6835
6835
6848
6852
6855
6868
6870
6874
6888
6891
6893
6895
6901
6905
6911
6917
6926
6938
6941
6945
6954
6957
6958
6974
6978
6983
6993
6997
7021
7030
7033
7036
7037
7051
7054
7071
7074
7076
7080
7089
7094
7104
7108
7112
7115
7116
7131
7133
7137
7158
7176
7185
7192
7199
7212
7218
7225
7241
7257
7257
7259
7265
7269
7273
7277
7294
7302
7330
7333
7334
7343
7353
7357
7358
7364
7369
7370
7385
7390
7393
7405
7406
7408
7423
7433
7449
7454
7467
7479
7483
7499
7501
7503
7504
7508
7513
7521
7530
7545
7550
7554
7556
7559
7560
7561
7580
7581
7587
7591
7591
7596
7598
7633
7635
7645
7665
7673
7688
7690
7695
7696
7707
7707
7721
7726
7741
7747
7757
7780
7787
7809
7813
7815
7817
7840
7843
7853
7857
7860
7863
7868
7870
7888
7896
7916
7939
7939
7950
7955
7968
7984
7985
7987
7993
7995
8000
8000
8020
8046
8053
8057
8063
8079
8090
8102
8103
8112
8112
8115
8119
8120
8133
8158
8165
8181
8187
8208
8214
8215
8222
8243
8249
8260
8299
8331
8348
8352
8354
8356
8391
8392
8395
8400
8408
8433
8444
8444
8447
8480
8489
8505
8517
8527
8545
8548
8556
8560
8583
8597
8644
8711
8763
8766
8780
8811
8815
8862
8863
8898
8903
8921
8927
8963
8984
9006
9024
9077
9079
9083
9085
9111
9117
9134
9147
9164
9209
9211
9240
9250
9261
9270
9292
9312
9314
9336
9342
9347
9363
9364
9367
9377
9385
9449
9451
9478
9482
9490
9494
9515
9524
9536
9544
9569
9570
9586
9600
9640
9696
9699
9708
9711
9736
9759
9767
9803
9888
9925
9929
10001
10009
10056
10063
10070
10111
10196
10204
10220
10255
10387
10442
10483
10492
10516
10648
10666
10753
10805
10907
10934
10946
10959
10986
11052
11078
11102
11106
11110
11167
11210
11220
11283
11303
11460
11481
11765
11839
12356
14582
