# Primero viene la cantidad (n) de timestamps para ambos, luego n líneas que son un timestamp aproximado cada uno separado por una coma (',') del error, y luego n lineas de las transacciones del sospechoso
750
1652,914
710,699
1479,900
758,355
316,224
1454,1092
1978,1952
1989,1327
233,161
308,286
2146,565
819,323
1274,1071
1205,1124
151,111
1201,6
2007,1189
1525,794
2134,1779
984,813
1049,179
1762,146
729,125
1241,1130
2142,1330
175,17
1416,1413
2034,217
744,583
592,89
208,88
2053,1691
1115,148
792,99
1606,41
871,89
2137,2120
1744,742
1055,963
602,454
752,378
371,162
166,147
420,164
2216,1686
1029,310
774,172
1809,496
1151,931
731,631
87,59
1061,789
357,159
2160,1163
1691,1452
640,66
1314,1015
1204,522
1560,32
288,246
2191,764
1197,944
1578,625
2105,1158
2105,1050
109,11
1770,269
219,176
674,138
1845,1309
2050,1352
1097,720
961,276
960,888
1958,1394
1927,1238
854,106
89,10
1459,1390
285,72
1554,781
1837,1763
1306,351
714,299
1036,874
1229,255
1323,88
830,392
845,217
693,646
2089,1382
753,589
937,826
1900,652
1790,1287
646,283
1171,848
1408,356
226,44
2150,527
41,7
1909,442
1736,119
2135,203
1458,1167
205,87
171,50
452,29
474,183
1988,234
197,83
638,424
1830,445
706,605
1821,1312
125,14
1199,1003
646,600
1624,1382
282,160
1399,17
888,747
2129,88
906,126
1063,588
1762,999
436,29
1666,13
1302,215
972,138
2241,1032
1650,157
261,245
89,72
217,141
1251,1148
766,761
221,28
1796,255
1479,838
2002,1861
402,203
2045,1694
178,98
957,443
986,24
1770,157
218,91
812,768
834,761
803,127
755,270
1616,1289
743,105
2055,1308
64,12
1435,235
573,64
1612,1481
493,66
1402,530
1688,307
1043,46
1474,1367
477,120
731,153
1611,1457
6,3
885,8
524,457
187,187
2045,805
1648,1173
678,60
761,589
1081,921
280,107
33,24
735,95
669,395
2126,1705
617,374
943,830
97,58
749,403
2067,7
428,323
1687,937
463,6
1913,1514
2177,1041
859,725
1122,808
451,102
432,95
1128,683
977,458
1107,630
2079,1964
2146,1944
958,5
1121,1029
1684,609
853,162
1931,1691
486,114
1783,923
520,72
2013,898
1693,98
1797,1717
1718,311
1852,1066
1196,572
2121,1654
750,365
1325,763
2128,1853
995,23
784,680
1205,461
1882,613
1464,1037
2211,37
997,700
1043,45
187,124
671,292
628,501
1949,1176
419,370
2179,864
178,23
860,311
120,24
932,39
1707,744
707,409
1963,1569
446,13
659,433
1161,488
1766,716
625,241
183,124
668,565
438,88
1765,1722
1866,1258
1205,981
1726,619
156,102
2024,995
1142,818
816,479
1310,853
1962,1213
1585,1434
1417,923
1970,1765
85,40
1146,747
1341,677
1887,421
522,441
1633,435
2132,2052
889,176
884,506
1907,931
60,12
471,240
2210,2083
1885,897
2189,1395
40,19
1699,1035
769,248
964,162
256,10
1107,922
2148,1893
930,806
79,5
2238,1988
1442,1001
1453,301
1753,1570
5,4
766,70
1772,302
643,522
2056,1300
1585,866
546,159
799,144
232,79
732,706
725,325
886,163
697,607
1045,656
1017,963
1829,817
862,385
625,610
511,239
2077,1416
1190,348
2133,1522
2207,2073
24,18
1263,592
2244,1423
1086,835
1460,297
1172,500
839,398
829,214
110,86
1279,204
2163,1799
1717,823
173,41
667,78
1551,869
1153,938
516,348
1891,1465
8,8
1492,391
1106,138
582,232
378,221
804,198
1838,1581
683,239
1394,825
1833,1489
1810,1267
813,808
265,67
799,679
456,305
1433,444
1942,1302
543,407
321,235
1971,727
1424,306
1784,1300
1098,302
1871,1644
961,288
302,25
1633,1451
1180,791
971,750
195,7
1543,862
632,37
374,288
1741,27
1935,1396
1123,261
2100,694
988,641
95,10
1731,481
1682,1292
1008,573
160,95
8,6
333,20
1319,893
1589,57
1566,243
1691,1675
808,702
1727,581
696,538
1297,1184
2188,110
310,168
1153,313
1431,1100
727,718
939,372
754,270
1830,1822
69,52
1431,777
1098,437
1340,1248
172,117
906,721
169,23
1423,1170
974,333
1752,1272
2043,669
2146,1350
778,440
2113,1662
264,64
8,1
606,598
1585,1584
1905,1319
651,581
1343,994
1389,198
1739,1563
381,181
1703,176
994,888
987,278
1756,1517
1919,1306
1599,1151
2006,1010
534,363
401,108
1119,783
1157,1138
558,393
663,584
878,56
1729,1619
757,560
479,165
1169,561
1841,1313
216,134
907,156
764,159
322,300
162,77
1035,311
861,50
438,398
663,139
254,182
2215,1124
928,622
763,101
1506,101
2107,894
1943,1209
1546,407
550,118
2032,95
429,86
2101,1651
974,39
2236,923
1034,132
887,421
408,345
1760,820
1657,438
881,171
108,97
1230,55
873,650
108,22
293,50
1921,902
685,460
275,113
569,141
1409,1128
1186,715
605,122
612,532
825,543
2121,2029
1915,661
134,116
230,92
27,2
1463,1244
214,2
754,754
1135,314
992,310
1810,448
1488,641
1792,756
1892,959
1677,1190
504,504
1872,254
955,928
623,14
1548,1454
484,354
955,710
48,16
1701,136
10,10
2202,651
1988,1107
1402,242
1490,263
1961,1155
113,2
1412,533
417,209
2169,557
1047,942
1187,1013
958,336
281,185
1105,89
2041,835
285,104
1022,564
1340,717
551,205
1096,379
1731,260
1278,1219
1516,460
2092,54
2061,1657
1207,714
1553,384
1110,101
815,346
734,183
226,33
926,218
231,186
1854,545
1491,832
1781,1571
1459,742
1296,621
188,3
1155,1153
1258,1079
566,495
2077,1182
184,10
539,38
1314,480
1423,391
750,658
458,112
1928,1186
143,16
29,28
1538,162
1322,70
1912,1805
7,6
1320,651
1636,297
1904,402
1747,936
850,562
1036,925
1872,573
1518,792
1682,668
1171,49
1275,201
1277,1040
716,101
1316,126
2074,6
294,121
354,274
388,32
660,511
682,112
2033,461
179,36
1736,503
2181,1756
958,710
729,720
358,27
366,177
204,58
569,372
2155,1566
1916,1690
1201,16
347,221
1199,1163
1958,1091
2030,465
1104,735
1589,1285
2038,1306
1935,986
2117,756
1526,911
2038,1549
211,40
1264,942
1749,544
859,135
1908,1778
1766,216
1064,631
1604,664
1190,638
935,729
671,70
1501,247
669,326
2175,54
1220,1129
1412,480
531,454
1588,177
1684,1186
1530,1229
557,513
647,349
629,404
215,6
976,346
1144,88
1243,466
1724,1546
1928,1594
75,57
1488,612
567,360
792,169
1396,893
2069,510
2083,1784
1827,1542
169,49
221,127
566,250
1526,737
598,541
1588,625
1172,696
1393,127
2222,212
1622,1456
918,433
1288,330
723,606
2207,646
883,355
1526,930
272,250
75,11
2133,1438
1,1
1789,1601
430,310
1810,1339
425,402
942,527
1142,1043
2141,652
1298,351
290,171
1901,1354
846,790
321,172
1763,1721
957,930
1139,212
503,157
1925,1497
1092,975
1937,1347
2017,1038
105,103
1463,1118
2158,1364
1195,398
1226,73
276,156
252,17
397,20
578,54
794,446
1234,941
536,273
1014,345
1349,954
1012,195
356,128
1762,1158
701,74
268,227
1912,21
2115,1603
1907,184
79,3
16,14
1141,299
313,4
1701,122
1638,914
503,140
1093,506
710,340
1179,69
2091,1684
549,114
1605,137
1807,1707
1158,315
917,659
1028,509
2109,1435
1802,1306
253,74
1414,1028
353,135
26,16
620,373
774,430
452,238
979,462
877,682
1423,302
448,253
543,134
461,108
45,10
1374,1239
2218,1671
355,52
2085,935
98,96
664,562
2145,876
210,123
1022,677
544,35
528,354
178,43
68,2
462,29
1337,205
1053,1012
2129,1291
0
1
2
3
6
8
8
11
16
22
29
29
31
33
37
41
42
43
43
45
45
47
54
57
59
60
68
70
72
73
74
76
77
78
81
86
86
92
96
103
103
108
112
114
115
116
121
122
132
136
140
140
144
145
147
150
154
157
159
162
163
164
165
166
167
170
171
171
171
174
174
176
181
182
182
185
185
186
188
190
191
194
194
194
198
202
203
206
211
211
212
213
213
215
216
221
226
228
229
229
239
245
247
249
251
252
253
253
254
255
255
255
256
257
259
265
267
267
268
275
278
283
284
287
287
288
289
289
292
292
292
297
311
312
313
315
320
329
331
334
335
337
338
339
341
350
350
352
355
361
361
361
366
368
372
373
375
379
384
387
393
399
403
403
405
408
412
416
416
422
422
425
428
430
433
435
436
438
439
444
449
451
451
452
453
454
458
458
462
463
463
467
468
472
472
474
476
478
479
480
488
489
489
492
501
502
505
511
511
512
515
516
519
522
524
531
541
543
543
546
549
550
551
554
555
556
556
559
561
570
573
580
582
592
592
593
594
601
606
606
614
615
618
618
618
624
626
628
630
635
637
638
641
642
644
649
652
653
653
653
654
658
664
665
666
666
669
672
674
678
681
683
691
691
694
699
702
702
702
708
709
710
716
719
720
721
721
724
730
730
730
731
733
740
748
748
752
752
754
767
771
771
772
776
776
777
780
787
788
788
795
796
798
801
804
805
812
814
815
821
832
837
839
845
850
851
861
863
864
867
867
868
878
884
884
885
889
890
891
895
895
902
902
908
909
910
915
915
918
922
929
929
937
938
938
940
941
944
946
947
950
951
955
956
959
960
960
964
967
967
972
975
976
981
985
998
1012
1017
1018
1028
1033
1034
1036
1039
1041
1052
1055
1056
1057
1058
1058
1063
1063
1063
1063
1064
1065
1065
1073
1074
1076
1079
1080
1083
1085
1087
1092
1104
1108
1112
1123
1124
1124
1125
1126
1134
1136
1137
1137
1140
1143
1148
1151
1151
1158
1160
1161
1166
1170
1177
1178
1179
1183
1183
1186
1187
1190
1193
1195
1195
1199
1199
1200
1206
1208
1213
1216
1218
1219
1224
1225
1225
1233
1233
1235
1242
1242
1249
1252
1253
1253
1258
1258
1262
1262
1262
1265
1265
1265
1274
1281
1282
1289
1291
1292
1300
1304
1314
1331
1340
1340
1344
1348
1367
1367
1369
1372
1376
1384
1386
1387
1387
1387
1392
1393
1393
1398
1403
1409
1411
1415
1417
1422
1423
1428
1432
1433
1437
1444
1445
1452
1453
1454
1455
1457
1458
1465
1476
1482
1482
1491
1498
1499
1516
1517
1533
1534
1537
1544
1550
1553
1556
1556
1558
1559
1565
1577
1578
1578
1578
1579
1581
1584
1587
1589
1590
1591
1591
1594
1596
1600
1602
1603
1605
1607
1615
1617
1619
1620
1634
1638
1643
1658
1664
1671
1677
1683
1685
1690
1693
1693
1695
1696
1697
1697
1711
1716
1723
1724
1727
1729
1731
1733
1734
1740
1740
1743
1743
1751
1753
1755
1758
1763
1770
1774
1780
1782
1790
1799
1801
1821
1824
1837
1845
1846
1847
1851
1852
1859
1870
1876
1878
1879
1879
1888
1905
1909
1923
1924
1926
1927
1928
1929
1937
1949
1950
1950
1957
1968
1978
1979
1983
1995
2002
2004
2008
2017
2026
2026
2043
2049
2051
2063
2064
2068
2068
2078
2083
2090
2090
2094
2110
2124
2136
2140
2151
2155
2160
2164
2173
2186
2194
2197
2200
2205
2223
2227
2234
2237
2240
2240
2243
2256
2261
2272
2292
2313
2313
2328
2339
2346
2354
2362
2380
2387
2392
2403
2418
2419
2423
2429
2430
2447
2447
2464
2473
2488
2496
2514
2519
2541
2547
2566
2569
2585
2594
2599
2603
2608
2625
2631
2635
2638
2642
2650
2657
2664
2666
2671
2686
2699
2735
2738
2748
2779
2811
2826
2846
2874
2884
2901
2915
2979
3032
3048
3107
3169
3188
3259
3287
3297
3298
3327
3334
3398
3433
3448
3537
3688
3881
