# sarasa
0,2
0,3
0,6
0,7
0,8
0,9
0,10
0,11
0,12
0,15
0,16
0,17
0,20
0,21
0,22
0,23
0,24
0,25
0,26
0,29
0,30
0,31
0,33
0,35
0,36
0,37
0,40
0,41
0,42
0,43
0,45
0,46
0,49
0,52
0,55
0,56
0,57
0,61
0,63
1,2
1,4
1,5
1,6
1,8
1,9
1,10
1,14
1,15
1,17
1,18
1,21
1,24
1,25
1,28
1,29
1,30
1,33
1,34
1,36
1,37
1,42
1,43
1,48
1,49
1,52
1,55
1,56
1,57
1,58
1,60
1,61
1,62
1,63
1,64
2,7
2,8
2,9
2,12
2,15
2,16
2,17
2,20
2,23
2,24
2,25
2,27
2,28
2,38
2,39
2,40
2,42
2,44
2,46
2,47
2,50
2,54
2,56
2,57
2,59
2,63
2,64
3,4
3,7
3,11
3,12
3,16
3,18
3,19
3,20
3,21
3,22
3,24
3,27
3,28
3,31
3,32
3,36
3,40
3,41
3,42
3,43
3,47
3,49
3,50
3,51
3,52
3,57
3,58
3,61
3,62
3,63
4,8
4,9
4,11
4,15
4,16
4,18
4,19
4,21
4,22
4,24
4,27
4,28
4,30
4,31
4,32
4,33
4,36
4,37
4,38
4,40
4,41
4,43
4,44
4,47
4,48
4,49
4,50
4,53
4,55
4,57
4,60
4,61
4,62
5,6
5,8
5,9
5,10
5,15
5,17
5,18
5,19
5,20
5,21
5,23
5,27
5,29
5,30
5,32
5,33
5,34
5,36
5,40
5,42
5,46
5,48
5,50
5,51
5,52
5,58
5,59
6,9
6,10
6,12
6,13
6,14
6,16
6,19
6,22
6,23
6,26
6,27
6,28
6,31
6,34
6,35
6,38
6,39
6,45
6,46
6,48
6,52
6,54
6,57
6,58
6,60
6,61
7,12
7,13
7,15
7,19
7,20
7,22
7,26
7,27
7,28
7,29
7,34
7,36
7,39
7,40
7,43
7,45
7,48
7,50
7,51
7,54
7,56
7,57
7,58
8,10
8,14
8,15
8,17
8,18
8,20
8,21
8,22
8,23
8,24
8,28
8,29
8,31
8,32
8,34
8,35
8,36
8,39
8,40
8,41
8,42
8,44
8,45
8,50
8,52
8,54
8,55
8,60
8,61
8,62
9,10
9,14
9,15
9,17
9,18
9,20
9,21
9,29
9,35
9,36
9,39
9,41
9,42
9,44
9,46
9,47
9,48
9,55
9,58
9,60
9,61
9,62
9,64
10,11
10,13
10,15
10,18
10,19
10,23
10,24
10,26
10,30
10,31
10,36
10,40
10,42
10,43
10,44
10,49
10,50
10,51
10,53
10,55
10,58
10,61
11,12
11,15
11,17
11,18
11,19
11,20
11,22
11,24
11,25
11,26
11,29
11,30
11,31
11,32
11,35
11,36
11,37
11,40
11,42
11,43
11,44
11,45
11,46
11,49
11,50
11,51
11,54
11,55
11,56
11,58
11,59
11,60
11,61
11,62
11,63
11,64
12,13
12,15
12,17
12,20
12,21
12,23
12,25
12,32
12,33
12,34
12,35
12,44
12,45
12,46
12,47
12,48
12,49
12,50
12,51
12,52
12,53
12,54
12,55
12,56
12,58
12,60
12,62
12,64
13,14
13,17
13,18
13,19
13,20
13,22
13,25
13,29
13,30
13,34
13,36
13,39
13,43
13,45
13,50
13,51
13,56
13,57
13,58
13,61
13,62
13,63
13,64
14,15
14,18
14,19
14,22
14,23
14,24
14,27
14,31
14,32
14,33
14,34
14,36
14,37
14,38
14,41
14,42
14,43
14,44
14,46
14,47
14,48
14,50
14,52
14,54
14,55
14,56
14,57
14,58
14,59
14,61
14,62
14,63
14,64
15,19
15,20
15,23
15,24
15,25
15,26
15,29
15,30
15,31
15,37
15,39
15,41
15,45
15,46
15,47
15,48
15,50
15,52
15,55
15,57
15,59
15,60
15,61
15,62
16,18
16,19
16,21
16,23
16,24
16,25
16,27
16,28
16,30
16,34
16,35
16,38
16,40
16,42
16,44
16,45
16,52
16,53
16,54
16,55
16,57
16,58
16,61
16,63
17,18
17,23
17,25
17,33
17,34
17,35
17,36
17,37
17,38
17,39
17,40
17,42
17,43
17,46
17,49
17,50
17,51
17,52
17,53
17,54
17,55
17,58
17,60
17,61
17,62
17,63
18,20
18,22
18,23
18,25
18,26
18,27
18,28
18,29
18,32
18,35
18,36
18,37
18,38
18,42
18,43
18,44
18,45
18,48
18,49
18,53
18,54
18,55
18,58
18,59
18,60
18,62
18,63
18,64
19,23
19,26
19,34
19,37
19,39
19,41
19,42
19,43
19,45
19,46
19,49
19,52
19,54
19,55
19,61
19,62
20,21
20,24
20,26
20,29
20,33
20,34
20,35
20,39
20,42
20,43
20,45
20,47
20,48
20,50
20,52
20,53
20,55
20,57
20,58
20,59
20,61
20,62
20,64
21,22
21,29
21,32
21,33
21,36
21,37
21,38
21,39
21,40
21,41
21,45
21,46
21,52
21,55
21,57
21,58
21,60
21,62
22,24
22,25
22,26
22,27
22,29
22,30
22,33
22,35
22,38
22,41
22,42
22,44
22,48
22,50
22,51
22,53
22,54
22,58
22,60
22,63
22,64
23,24
23,27
23,28
23,29
23,33
23,34
23,36
23,37
23,39
23,41
23,43
23,46
23,47
23,48
23,57
23,60
23,63
24,25
24,27
24,28
24,33
24,34
24,35
24,36
24,37
24,39
24,41
24,45
24,46
24,48
24,49
24,51
24,53
24,55
24,57
24,59
24,60
24,62
24,63
25,28
25,29
25,32
25,34
25,38
25,39
25,40
25,42
25,45
25,47
25,53
25,56
25,59
25,62
25,64
26,27
26,28
26,29
26,32
26,34
26,36
26,39
26,42
26,45
26,46
26,48
26,51
26,52
26,53
26,57
26,58
26,60
26,61
26,62
26,63
27,28
27,29
27,30
27,32
27,36
27,37
27,38
27,43
27,47
27,50
27,51
27,52
27,53
27,54
27,55
27,56
27,57
27,61
27,62
27,64
28,30
28,31
28,32
28,34
28,37
28,38
28,44
28,45
28,47
28,48
28,52
28,54
28,55
28,57
28,59
28,60
28,61
28,62
29,30
29,33
29,36
29,37
29,39
29,44
29,51
29,52
29,53
29,54
29,56
29,62
29,63
29,64
30,31
30,32
30,33
30,34
30,37
30,38
30,41
30,42
30,45
30,48
30,52
30,53
30,54
30,57
30,58
30,59
30,63
31,34
31,37
31,38
31,41
31,43
31,45
31,49
31,50
31,52
31,56
31,57
31,59
31,60
31,62
31,63
32,35
32,41
32,42
32,45
32,46
32,49
32,50
32,51
32,52
32,53
32,54
32,55
32,57
32,58
32,59
32,60
32,61
32,62
33,34
33,35
33,37
33,39
33,40
33,41
33,44
33,46
33,48
33,49
33,50
33,51
33,52
33,54
33,55
33,56
33,61
33,62
33,64
34,36
34,37
34,38
34,40
34,41
34,42
34,44
34,46
34,47
34,49
34,50
34,54
34,55
34,56
34,58
34,60
34,61
34,63
34,64
35,37
35,38
35,39
35,43
35,47
35,48
35,49
35,50
35,51
35,52
35,53
35,54
35,55
35,56
35,58
35,60
35,61
35,62
35,63
36,37
36,39
36,42
36,44
36,47
36,51
36,52
36,60
36,61
37,39
37,40
37,43
37,45
37,46
37,47
37,49
37,50
37,52
37,53
37,56
37,57
37,58
37,61
37,62
37,63
38,39
38,47
38,50
38,51
38,52
38,53
38,54
38,55
38,56
38,58
38,61
39,41
39,43
39,44
39,48
39,51
39,52
39,56
39,59
39,61
39,63
40,41
40,42
40,44
40,45
40,46
40,47
40,48
40,49
40,50
40,55
40,56
40,59
40,62
41,42
41,43
41,44
41,45
41,49
41,50
41,51
41,52
41,58
41,61
41,62
41,63
41,64
42,44
42,45
42,46
42,47
42,49
42,50
42,52
42,53
42,54
42,56
42,57
43,44
43,47
43,52
43,53
43,55
43,56
43,57
43,59
44,45
44,51
44,54
44,55
44,56
44,57
44,60
44,63
44,64
45,46
45,49
45,50
45,51
45,52
45,54
45,55
45,58
45,59
45,60
45,61
45,62
45,64
46,47
46,50
46,54
46,55
46,56
46,57
46,58
46,59
46,60
46,64
47,48
47,49
47,54
47,55
47,56
47,60
47,62
47,63
48,49
48,50
48,54
48,55
48,57
48,58
48,60
48,61
48,62
48,63
48,64
49,52
49,55
49,59
49,60
49,61
49,64
50,54
50,57
50,58
50,59
50,60
50,62
50,63
50,64
51,52
51,53
51,55
51,56
51,59
51,62
52,53
52,57
52,61
52,63
52,64
53,54
53,55
53,59
54,56
54,57
54,61
54,62
55,56
55,58
55,59
55,63
56,57
56,59
56,60
57,58
57,59
57,61
57,62
58,59
58,60
59,60
59,64
60,62
61,62
61,63
61,64
62,63
62,64
