# sarasa
0,1
0,8
0,9
0,10
0,12
0,13
0,18
0,22
0,23
0,24
0,25
0,26
0,27
0,29
0,30
0,32
0,33
0,39
0,40
0,45
0,46
0,48
0,49
0,51
0,52
0,53
0,54
0,56
0,57
0,58
0,61
0,70
0,71
0,72
0,76
0,77
0,78
0,81
1,2
1,4
1,6
1,8
1,10
1,15
1,17
1,18
1,22
1,24
1,26
1,27
1,30
1,31
1,32
1,39
1,43
1,47
1,53
1,54
1,55
1,58
1,59
1,60
1,61
1,62
1,63
1,66
1,70
1,74
1,76
1,77
1,79
1,80
1,81
1,82
1,83
2,5
2,6
2,7
2,8
2,9
2,13
2,19
2,24
2,26
2,28
2,29
2,34
2,35
2,36
2,38
2,39
2,40
2,41
2,42
2,43
2,46
2,48
2,50
2,51
2,52
2,53
2,54
2,56
2,58
2,59
2,61
2,64
2,65
2,66
2,67
2,69
2,70
2,71
2,72
2,73
2,80
2,81
2,82
2,83
3,4
3,7
3,9
3,15
3,17
3,21
3,25
3,26
3,28
3,29
3,31
3,33
3,36
3,37
3,41
3,43
3,44
3,45
3,47
3,49
3,54
3,56
3,57
3,58
3,59
3,61
3,62
3,65
3,67
3,68
3,70
3,73
3,74
3,75
3,77
3,80
3,81
4,12
4,14
4,15
4,16
4,18
4,19
4,21
4,22
4,23
4,27
4,29
4,30
4,32
4,34
4,37
4,39
4,40
4,42
4,43
4,45
4,47
4,50
4,51
4,52
4,55
4,56
4,59
4,62
4,69
4,70
4,71
4,72
4,76
4,77
4,78
4,79
4,80
4,81
4,82
4,84
5,6
5,8
5,10
5,11
5,12
5,14
5,17
5,18
5,19
5,20
5,21
5,23
5,24
5,26
5,28
5,31
5,32
5,33
5,36
5,38
5,40
5,42
5,43
5,44
5,45
5,47
5,49
5,50
5,52
5,53
5,54
5,56
5,62
5,66
5,67
5,68
5,72
5,75
5,76
5,79
5,80
5,81
5,82
5,84
6,7
6,8
6,11
6,12
6,13
6,14
6,15
6,19
6,21
6,23
6,25
6,29
6,30
6,34
6,35
6,38
6,40
6,41
6,42
6,44
6,47
6,53
6,58
6,63
6,64
6,65
6,69
6,70
6,71
6,75
6,77
6,78
6,79
6,81
6,82
6,83
6,84
7,9
7,10
7,12
7,15
7,16
7,18
7,19
7,20
7,21
7,22
7,23
7,25
7,27
7,28
7,29
7,32
7,33
7,34
7,36
7,37
7,38
7,42
7,43
7,44
7,48
7,49
7,51
7,53
7,56
7,60
7,62
7,65
7,71
7,73
7,75
7,77
7,79
8,9
8,10
8,14
8,16
8,17
8,19
8,20
8,21
8,22
8,25
8,27
8,28
8,30
8,33
8,36
8,39
8,41
8,42
8,43
8,50
8,53
8,55
8,56
8,58
8,61
8,62
8,63
8,66
8,67
8,68
8,71
8,72
8,75
8,76
8,78
8,79
8,80
8,81
8,82
8,83
9,12
9,14
9,15
9,20
9,22
9,23
9,25
9,26
9,27
9,28
9,32
9,33
9,36
9,37
9,39
9,40
9,43
9,46
9,53
9,55
9,56
9,59
9,62
9,63
9,64
9,66
9,67
9,69
9,71
9,72
9,75
9,76
9,77
9,78
9,82
9,84
10,11
10,14
10,15
10,16
10,18
10,19
10,20
10,22
10,23
10,24
10,25
10,26
10,27
10,28
10,29
10,31
10,33
10,34
10,38
10,41
10,43
10,47
10,48
10,50
10,51
10,52
10,54
10,56
10,57
10,58
10,59
10,60
10,62
10,63
10,64
10,65
10,66
10,67
10,70
10,72
10,74
10,75
10,78
10,79
10,81
10,82
11,13
11,16
11,18
11,20
11,21
11,23
11,24
11,25
11,26
11,32
11,33
11,36
11,38
11,39
11,42
11,43
11,46
11,47
11,48
11,51
11,54
11,55
11,57
11,58
11,59
11,60
11,62
11,66
11,67
11,68
11,69
11,70
11,72
11,73
11,74
11,77
11,78
11,80
11,81
11,82
12,15
12,16
12,21
12,22
12,24
12,25
12,26
12,28
12,31
12,33
12,34
12,36
12,37
12,38
12,40
12,41
12,42
12,45
12,46
12,50
12,52
12,53
12,54
12,57
12,58
12,59
12,60
12,61
12,63
12,66
12,67
12,68
12,69
12,70
12,71
12,72
12,77
12,79
12,80
12,81
12,82
13,16
13,19
13,22
13,26
13,27
13,32
13,36
13,42
13,44
13,46
13,47
13,50
13,51
13,52
13,53
13,54
13,56
13,57
13,59
13,62
13,65
13,73
13,74
13,79
13,81
13,82
13,83
14,15
14,16
14,19
14,24
14,26
14,27
14,32
14,33
14,39
14,40
14,42
14,44
14,45
14,48
14,49
14,52
14,53
14,57
14,60
14,64
14,65
14,68
14,73
14,75
14,76
14,77
14,79
14,80
14,81
14,83
15,17
15,18
15,19
15,20
15,21
15,22
15,24
15,26
15,27
15,28
15,31
15,32
15,36
15,37
15,39
15,40
15,41
15,43
15,47
15,51
15,53
15,54
15,56
15,57
15,58
15,60
15,61
15,65
15,67
15,72
15,75
15,76
15,77
15,81
15,83
15,84
16,17
16,18
16,22
16,23
16,25
16,26
16,28
16,29
16,30
16,34
16,35
16,37
16,39
16,40
16,41
16,42
16,44
16,47
16,48
16,50
16,51
16,53
16,55
16,57
16,58
16,64
16,65
16,69
16,70
16,73
16,75
16,77
16,78
16,79
16,80
16,83
17,24
17,25
17,26
17,27
17,28
17,29
17,34
17,38
17,39
17,42
17,43
17,48
17,49
17,52
17,54
17,58
17,64
17,65
17,66
17,68
17,70
17,73
17,74
17,75
17,77
17,78
17,79
17,80
17,82
18,19
18,20
18,21
18,22
18,23
18,29
18,32
18,34
18,35
18,41
18,44
18,45
18,50
18,52
18,53
18,55
18,56
18,57
18,58
18,59
18,60
18,62
18,64
18,65
18,68
18,69
18,71
18,72
18,74
18,76
18,79
18,80
18,81
18,84
19,21
19,23
19,25
19,28
19,30
19,34
19,35
19,36
19,38
19,40
19,46
19,47
19,50
19,52
19,53
19,55
19,57
19,60
19,61
19,63
19,65
19,66
19,69
19,71
19,72
19,73
19,74
19,75
19,78
19,81
19,82
19,83
19,84
20,21
20,24
20,28
20,32
20,34
20,38
20,43
20,44
20,46
20,47
20,49
20,51
20,52
20,60
20,62
20,64
20,66
20,68
20,75
20,78
20,80
20,81
20,84
21,22
21,23
21,24
21,26
21,27
21,29
21,30
21,34
21,36
21,37
21,38
21,39
21,41
21,43
21,44
21,45
21,50
21,52
21,54
21,58
21,59
21,61
21,66
21,67
21,69
21,71
21,72
21,74
21,76
21,77
21,80
21,84
22,23
22,24
22,26
22,27
22,28
22,29
22,33
22,36
22,38
22,40
22,44
22,46
22,48
22,49
22,51
22,56
22,57
22,58
22,61
22,62
22,64
22,66
22,68
22,70
22,71
22,74
22,76
22,80
22,84
23,24
23,25
23,26
23,30
23,32
23,33
23,34
23,35
23,37
23,38
23,40
23,43
23,44
23,46
23,47
23,50
23,52
23,53
23,54
23,55
23,56
23,57
23,58
23,62
23,64
23,66
23,67
23,69
23,71
23,72
23,73
23,74
23,75
23,77
23,79
23,81
23,83
24,25
24,26
24,27
24,28
24,29
24,33
24,34
24,35
24,36
24,38
24,39
24,40
24,45
24,46
24,47
24,48
24,49
24,50
24,54
24,59
24,60
24,61
24,62
24,65
24,66
24,68
24,74
24,80
24,81
24,82
24,84
25,29
25,32
25,37
25,38
25,39
25,41
25,43
25,44
25,45
25,47
25,50
25,51
25,55
25,56
25,58
25,60
25,61
25,63
25,65
25,66
25,67
25,70
25,71
25,72
25,73
25,74
25,77
25,79
25,80
26,31
26,34
26,36
26,39
26,40
26,41
26,43
26,44
26,46
26,48
26,49
26,50
26,51
26,52
26,54
26,56
26,57
26,58
26,61
26,64
26,68
26,72
26,74
26,76
26,77
26,78
26,80
26,82
26,83
26,84
27,31
27,32
27,36
27,39
27,41
27,45
27,46
27,50
27,56
27,57
27,67
27,72
27,73
27,78
27,79
27,82
27,84
28,29
28,32
28,34
28,35
28,38
28,39
28,41
28,42
28,44
28,46
28,47
28,48
28,49
28,50
28,51
28,52
28,58
28,61
28,62
28,64
28,66
28,72
28,73
28,75
28,76
28,77
28,79
28,82
29,30
29,33
29,37
29,42
29,43
29,44
29,46
29,47
29,51
29,55
29,57
29,58
29,60
29,66
29,68
29,70
29,73
29,76
29,79
29,80
29,83
30,33
30,35
30,36
30,37
30,39
30,40
30,44
30,47
30,49
30,50
30,51
30,52
30,53
30,54
30,56
30,58
30,60
30,62
30,63
30,64
30,65
30,66
30,68
30,73
30,74
30,76
30,77
30,78
30,80
30,81
31,33
31,34
31,36
31,37
31,39
31,44
31,45
31,46
31,49
31,51
31,53
31,54
31,57
31,61
31,64
31,65
31,66
31,67
31,68
31,70
31,73
31,76
31,77
31,78
31,82
32,33
32,35
32,44
32,45
32,51
32,52
32,53
32,59
32,60
32,61
32,64
32,65
32,66
32,70
32,71
32,72
32,75
32,78
32,79
32,80
32,81
32,82
33,36
33,37
33,39
33,41
33,43
33,44
33,46
33,51
33,52
33,53
33,54
33,59
33,63
33,64
33,65
33,66
33,68
33,69
33,70
33,71
33,72
33,76
33,79
33,80
33,82
34,35
34,36
34,38
34,40
34,42
34,43
34,44
34,45
34,46
34,48
34,49
34,52
34,54
34,56
34,58
34,61
34,62
34,63
34,65
34,66
34,67
34,68
34,73
34,74
34,75
34,77
34,81
34,82
35,41
35,42
35,44
35,45
35,46
35,48
35,49
35,50
35,51
35,52
35,54
35,56
35,57
35,58
35,59
35,61
35,62
35,63
35,67
35,68
35,69
35,70
35,71
35,72
35,75
35,76
35,77
35,82
35,84
36,37
36,38
36,41
36,47
36,48
36,52
36,53
36,55
36,56
36,58
36,61
36,63
36,67
36,68
36,70
36,71
36,72
36,74
36,75
36,77
36,80
37,39
37,40
37,41
37,43
37,46
37,47
37,48
37,50
37,51
37,52
37,53
37,55
37,57
37,61
37,62
37,63
37,66
37,71
37,73
37,74
37,80
37,82
38,39
38,40
38,41
38,42
38,43
38,44
38,46
38,51
38,52
38,53
38,55
38,58
38,61
38,62
38,66
38,69
38,72
38,74
38,77
38,80
38,81
38,82
39,41
39,43
39,45
39,46
39,48
39,49
39,50
39,51
39,54
39,55
39,56
39,57
39,59
39,64
39,68
39,70
39,71
39,74
39,76
39,78
39,79
39,82
39,84
40,41
40,44
40,46
40,49
40,50
40,51
40,52
40,53
40,55
40,58
40,63
40,65
40,66
40,72
40,74
40,75
40,77
40,78
40,82
40,83
40,84
41,43
41,45
41,46
41,49
41,50
41,52
41,53
41,55
41,56
41,57
41,60
41,62
41,73
41,75
41,77
42,43
42,44
42,45
42,46
42,48
42,50
42,51
42,52
42,54
42,55
42,58
42,60
42,64
42,65
42,66
42,68
42,70
42,71
42,72
42,74
42,75
42,76
42,78
42,80
42,83
42,84
43,44
43,46
43,47
43,48
43,50
43,51
43,52
43,53
43,54
43,58
43,59
43,60
43,61
43,66
43,67
43,68
43,71
43,74
43,75
43,77
43,78
43,79
43,80
43,82
43,84
44,48
44,49
44,52
44,54
44,56
44,58
44,59
44,61
44,62
44,63
44,65
44,66
44,70
44,71
44,72
44,73
44,75
44,76
44,77
44,78
44,79
44,80
44,82
45,47
45,48
45,49
45,50
45,52
45,54
45,57
45,58
45,61
45,65
45,66
45,67
45,69
45,70
45,72
45,73
45,76
45,79
45,81
45,84
46,49
46,51
46,52
46,53
46,56
46,57
46,61
46,62
46,67
46,68
46,69
46,70
46,72
46,73
46,77
46,78
46,80
46,82
46,84
47,50
47,53
47,54
47,55
47,58
47,59
47,61
47,62
47,66
47,67
47,68
47,69
47,70
47,72
47,73
47,74
47,75
47,77
47,78
47,79
47,84
48,49
48,50
48,53
48,54
48,57
48,62
48,63
48,64
48,66
48,71
48,73
48,74
48,76
48,80
48,81
49,51
49,52
49,53
49,55
49,56
49,57
49,59
49,64
49,68
49,75
49,76
49,80
49,81
49,82
49,84
50,51
50,55
50,56
50,57
50,59
50,62
50,64
50,65
50,66
50,67
50,68
50,71
50,72
50,73
50,74
50,75
50,76
50,78
50,79
50,81
50,83
51,53
51,54
51,56
51,58
51,64
51,67
51,68
51,72
51,74
51,75
51,76
51,81
51,82
51,84
52,53
52,54
52,55
52,56
52,57
52,59
52,61
52,62
52,64
52,67
52,68
52,69
52,70
52,71
52,75
52,76
52,82
52,84
53,54
53,56
53,58
53,59
53,60
53,61
53,62
53,64
53,65
53,66
53,69
53,70
53,71
53,73
53,75
53,76
53,79
53,82
54,57
54,58
54,59
54,61
54,64
54,65
54,69
54,71
54,73
54,74
54,76
54,80
55,57
55,61
55,62
55,63
55,64
55,65
55,67
55,68
55,71
55,73
55,75
55,80
55,81
55,83
55,84
56,59
56,66
56,67
56,68
56,70
56,71
56,72
56,73
56,75
56,76
56,77
56,82
57,58
57,59
57,60
57,62
57,63
57,64
57,65
57,67
57,68
57,69
57,70
57,75
57,76
57,80
57,81
57,82
57,83
58,61
58,63
58,65
58,67
58,69
58,70
58,75
58,79
58,80
58,82
58,84
59,60
59,64
59,65
59,67
59,69
59,70
59,73
59,74
59,76
59,79
59,81
59,82
59,83
59,84
60,62
60,63
60,65
60,66
60,67
60,68
60,70
60,71
60,72
60,73
60,76
60,78
60,79
60,82
60,83
60,84
61,62
61,65
61,72
61,74
61,78
61,82
61,83
62,63
62,64
62,67
62,68
62,69
62,70
62,71
62,72
62,73
62,75
62,77
62,78
62,79
62,82
62,83
62,84
63,64
63,65
63,70
63,72
63,73
63,74
63,77
63,78
63,81
63,83
64,68
64,70
64,71
64,72
64,73
64,75
64,77
64,82
65,66
65,68
65,70
65,72
65,73
65,75
65,76
65,77
65,78
65,80
65,81
65,83
66,67
66,68
66,70
66,71
66,73
66,75
66,78
66,81
66,82
66,84
67,68
67,70
67,71
67,72
67,75
67,76
67,81
68,70
68,78
68,79
68,84
69,70
69,72
69,74
69,76
69,77
69,81
69,82
69,83
69,84
70,72
70,74
70,75
70,76
70,77
70,79
70,80
70,84
71,72
71,74
71,76
71,78
71,79
71,84
72,73
72,76
72,80
72,81
72,83
73,74
73,75
73,78
73,80
73,82
73,83
73,84
74,75
74,80
74,82
74,84
75,76
75,77
75,78
75,81
75,82
75,83
75,84
76,77
76,80
77,82
77,84
78,79
78,80
78,81
79,82
79,84
80,81
80,82
80,83
80,84
81,82
82,83
82,84
