# sarasa
0,1
0,4
0,10
0,14
0,15
0,17
0,21
0,24
0,28
0,31
0,34
0,35
0,39
0,40
0,41
0,43
0,45
0,46
0,51
0,53
0,54
0,56
0,58
0,61
0,62
0,63
0,65
0,66
0,67
0,68
0,69
0,72
0,73
0,76
0,77
0,80
0,81
0,82
0,84
0,88
0,92
1,4
1,5
1,7
1,10
1,17
1,18
1,19
1,22
1,23
1,24
1,25
1,30
1,35
1,42
1,47
1,48
1,49
1,51
1,52
1,55
1,58
1,61
1,62
1,64
1,65
1,67
1,69
1,71
1,78
1,81
1,83
1,84
1,85
1,86
1,87
1,88
1,90
1,91
1,92
1,93
2,5
2,6
2,8
2,11
2,13
2,16
2,19
2,20
2,21
2,25
2,26
2,31
2,32
2,33
2,40
2,44
2,50
2,52
2,53
2,55
2,58
2,61
2,64
2,65
2,66
2,67
2,69
2,72
2,73
2,75
2,77
2,78
2,81
2,82
2,83
2,84
2,87
2,88
2,91
2,92
2,93
2,94
3,4
3,5
3,6
3,9
3,10
3,11
3,12
3,13
3,15
3,16
3,17
3,18
3,21
3,22
3,23
3,27
3,31
3,34
3,36
3,38
3,41
3,47
3,48
3,49
3,55
3,57
3,60
3,62
3,63
3,64
3,65
3,66
3,67
3,69
3,71
3,79
3,82
3,83
3,84
3,85
3,87
3,89
3,90
3,92
4,7
4,9
4,11
4,12
4,16
4,19
4,21
4,23
4,27
4,28
4,30
4,31
4,37
4,39
4,40
4,41
4,43
4,44
4,46
4,48
4,49
4,51
4,54
4,55
4,57
4,58
4,62
4,63
4,68
4,69
4,72
4,75
4,76
4,78
4,79
4,80
4,81
4,82
4,83
4,85
4,86
4,88
4,89
5,10
5,11
5,14
5,15
5,17
5,21
5,23
5,24
5,25
5,26
5,28
5,31
5,32
5,33
5,42
5,44
5,45
5,47
5,49
5,50
5,51
5,52
5,53
5,54
5,55
5,58
5,61
5,62
5,65
5,68
5,69
5,71
5,72
5,76
5,78
5,79
5,81
5,84
5,86
5,87
5,89
5,91
6,8
6,10
6,13
6,14
6,16
6,18
6,23
6,24
6,25
6,27
6,28
6,29
6,30
6,31
6,32
6,38
6,44
6,45
6,46
6,49
6,51
6,52
6,53
6,54
6,55
6,56
6,57
6,58
6,60
6,62
6,70
6,72
6,74
6,76
6,77
6,79
6,81
6,83
6,84
6,85
6,86
6,88
6,91
6,92
6,94
7,14
7,15
7,17
7,21
7,26
7,27
7,29
7,31
7,32
7,35
7,36
7,37
7,40
7,41
7,43
7,45
7,47
7,49
7,52
7,53
7,54
7,55
7,57
7,59
7,61
7,62
7,64
7,69
7,70
7,71
7,72
7,74
7,78
7,79
7,80
7,81
7,82
7,85
7,91
7,92
7,93
7,94
8,9
8,10
8,11
8,13
8,14
8,15
8,16
8,17
8,19
8,23
8,24
8,25
8,26
8,29
8,30
8,31
8,34
8,37
8,38
8,39
8,42
8,43
8,47
8,48
8,50
8,51
8,52
8,53
8,55
8,57
8,58
8,60
8,63
8,64
8,65
8,79
8,80
8,83
8,84
8,85
8,86
8,87
8,89
8,91
8,93
9,12
9,13
9,14
9,15
9,16
9,17
9,23
9,28
9,30
9,32
9,35
9,36
9,37
9,38
9,39
9,40
9,43
9,44
9,45
9,47
9,49
9,53
9,54
9,55
9,58
9,59
9,60
9,61
9,63
9,64
9,65
9,66
9,72
9,75
9,76
9,77
9,82
9,83
9,86
9,87
9,89
9,92
9,93
10,12
10,14
10,17
10,19
10,24
10,26
10,27
10,30
10,32
10,33
10,34
10,35
10,36
10,37
10,40
10,41
10,43
10,44
10,45
10,49
10,50
10,53
10,55
10,56
10,58
10,59
10,60
10,61
10,70
10,73
10,76
10,77
10,78
10,79
10,80
10,85
10,86
10,89
10,91
11,12
11,14
11,15
11,16
11,22
11,27
11,28
11,30
11,31
11,33
11,34
11,35
11,38
11,40
11,41
11,42
11,43
11,45
11,48
11,52
11,54
11,56
11,59
11,63
11,67
11,68
11,69
11,72
11,73
11,74
11,77
11,79
11,80
11,89
11,92
12,15
12,19
12,21
12,22
12,23
12,25
12,30
12,31
12,34
12,38
12,39
12,40
12,43
12,44
12,56
12,57
12,61
12,62
12,63
12,65
12,68
12,70
12,72
12,73
12,80
12,82
12,83
12,87
12,88
12,90
12,92
12,93
12,94
13,15
13,16
13,19
13,22
13,23
13,25
13,26
13,27
13,30
13,31
13,34
13,35
13,36
13,38
13,39
13,40
13,42
13,43
13,44
13,47
13,48
13,49
13,50
13,51
13,52
13,54
13,55
13,56
13,58
13,59
13,62
13,63
13,65
13,66
13,67
13,68
13,70
13,71
13,73
13,75
13,76
13,78
13,79
13,81
13,85
13,86
13,89
13,91
13,93
14,17
14,18
14,21
14,26
14,27
14,28
14,33
14,38
14,41
14,43
14,44
14,45
14,48
14,50
14,51
14,52
14,53
14,56
14,57
14,59
14,61
14,64
14,66
14,68
14,72
14,76
14,77
14,80
14,82
14,84
14,85
14,87
14,90
14,91
14,92
14,93
15,16
15,19
15,22
15,25
15,33
15,40
15,41
15,42
15,43
15,44
15,45
15,47
15,52
15,53
15,54
15,56
15,58
15,59
15,61
15,62
15,64
15,67
15,68
15,69
15,71
15,78
15,80
15,81
15,82
15,83
15,84
15,86
15,88
15,90
15,91
15,92
16,17
16,18
16,19
16,20
16,23
16,24
16,26
16,27
16,29
16,31
16,32
16,34
16,35
16,36
16,37
16,38
16,39
16,42
16,46
16,48
16,53
16,54
16,61
16,62
16,64
16,65
16,66
16,67
16,68
16,70
16,71
16,72
16,73
16,77
16,82
16,84
16,85
16,86
16,87
16,90
16,91
16,92
16,93
16,94
17,18
17,20
17,21
17,22
17,23
17,24
17,25
17,26
17,28
17,29
17,30
17,31
17,33
17,34
17,36
17,37
17,38
17,39
17,40
17,44
17,45
17,48
17,51
17,63
17,65
17,66
17,67
17,68
17,70
17,72
17,73
17,75
17,77
17,78
17,80
17,84
17,85
17,87
17,90
18,20
18,22
18,23
18,24
18,25
18,26
18,29
18,30
18,31
18,32
18,33
18,35
18,36
18,37
18,38
18,39
18,41
18,47
18,48
18,50
18,51
18,54
18,55
18,56
18,59
18,60
18,66
18,68
18,72
18,75
18,78
18,80
18,82
18,83
18,85
18,86
18,87
18,88
18,92
19,26
19,27
19,28
19,29
19,31
19,32
19,33
19,34
19,36
19,38
19,40
19,42
19,43
19,45
19,47
19,48
19,49
19,51
19,52
19,53
19,54
19,55
19,56
19,57
19,58
19,59
19,60
19,61
19,62
19,66
19,69
19,70
19,72
19,81
19,82
19,83
19,84
19,85
19,86
19,87
19,88
19,90
19,91
19,93
20,22
20,24
20,25
20,26
20,30
20,32
20,33
20,34
20,40
20,41
20,42
20,44
20,47
20,50
20,51
20,52
20,54
20,55
20,56
20,58
20,60
20,61
20,65
20,67
20,68
20,69
20,71
20,75
20,76
20,78
20,80
20,84
20,86
20,87
20,90
20,94
21,22
21,24
21,25
21,26
21,27
21,29
21,31
21,32
21,33
21,34
21,37
21,38
21,39
21,40
21,41
21,42
21,44
21,45
21,46
21,47
21,48
21,49
21,50
21,51
21,53
21,55
21,58
21,59
21,67
21,68
21,70
21,74
21,75
21,77
21,79
21,82
21,83
21,84
21,85
21,87
21,89
21,90
21,92
21,93
21,94
22,24
22,29
22,30
22,32
22,33
22,34
22,38
22,40
22,41
22,42
22,43
22,44
22,45
22,48
22,49
22,54
22,55
22,58
22,59
22,64
22,66
22,67
22,69
22,70
22,71
22,73
22,78
22,80
22,82
22,86
22,89
22,92
22,94
23,24
23,25
23,27
23,28
23,29
23,31
23,33
23,34
23,38
23,39
23,40
23,41
23,42
23,43
23,44
23,45
23,50
23,51
23,53
23,54
23,56
23,57
23,60
23,62
23,64
23,66
23,68
23,75
23,80
23,83
23,84
23,85
23,87
23,88
23,89
23,93
23,94
24,25
24,27
24,30
24,31
24,33
24,40
24,42
24,43
24,44
24,45
24,48
24,49
24,51
24,55
24,57
24,58
24,60
24,63
24,66
24,68
24,70
24,73
24,74
24,75
24,77
24,78
24,83
24,86
24,87
24,88
24,89
24,91
24,92
24,94
25,27
25,28
25,29
25,30
25,34
25,38
25,40
25,42
25,43
25,45
25,46
25,48
25,51
25,52
25,54
25,55
25,56
25,60
25,62
25,67
25,68
25,70
25,71
25,74
25,76
25,80
25,82
25,84
25,85
25,86
25,88
25,90
25,94
26,28
26,30
26,32
26,33
26,38
26,40
26,44
26,46
26,47
26,50
26,51
26,54
26,55
26,56
26,59
26,65
26,70
26,72
26,73
26,75
26,79
26,83
26,85
26,86
26,87
26,88
26,89
26,90
26,91
26,92
26,94
27,29
27,32
27,35
27,37
27,38
27,40
27,43
27,45
27,47
27,49
27,50
27,52
27,55
27,56
27,57
27,58
27,62
27,65
27,68
27,69
27,70
27,71
27,72
27,73
27,77
27,81
27,85
27,86
27,89
27,90
27,92
28,29
28,31
28,32
28,33
28,35
28,36
28,40
28,42
28,44
28,46
28,47
28,48
28,49
28,50
28,54
28,56
28,60
28,63
28,67
28,69
28,75
28,76
28,77
28,78
28,84
28,87
28,88
28,89
29,35
29,36
29,39
29,40
29,42
29,43
29,45
29,46
29,48
29,52
29,53
29,54
29,55
29,57
29,60
29,61
29,63
29,64
29,69
29,72
29,73
29,75
29,76
29,78
29,80
29,90
29,94
30,31
30,32
30,38
30,42
30,43
30,46
30,47
30,53
30,55
30,56
30,58
30,60
30,61
30,65
30,67
30,68
30,71
30,72
30,73
30,76
30,77
30,78
30,79
30,80
30,81
30,85
30,86
30,88
30,91
30,93
30,94
31,32
31,33
31,35
31,37
31,39
31,42
31,43
31,44
31,47
31,48
31,49
31,50
31,51
31,53
31,55
31,56
31,57
31,59
31,60
31,63
31,64
31,65
31,67
31,68
31,69
31,70
31,72
31,75
31,81
31,82
31,84
31,85
31,86
31,88
31,89
31,91
31,92
32,33
32,34
32,35
32,36
32,37
32,38
32,45
32,51
32,52
32,53
32,55
32,56
32,58
32,60
32,61
32,64
32,66
32,72
32,73
32,74
32,75
32,76
32,77
32,79
32,80
32,82
32,83
32,84
32,87
32,88
32,89
32,92
32,93
33,36
33,39
33,44
33,45
33,46
33,48
33,49
33,50
33,53
33,55
33,58
33,60
33,61
33,66
33,72
33,74
33,76
33,80
33,86
33,90
33,92
33,93
33,94
34,37
34,38
34,45
34,46
34,49
34,50
34,52
34,59
34,62
34,64
34,67
34,70
34,72
34,74
34,77
34,80
34,81
34,82
34,83
34,84
34,86
34,87
34,88
34,89
34,90
34,93
35,38
35,41
35,42
35,46
35,47
35,50
35,52
35,55
35,56
35,57
35,59
35,60
35,65
35,66
35,67
35,70
35,71
35,73
35,74
35,76
35,78
35,79
35,82
35,83
35,94
36,37
36,39
36,41
36,43
36,44
36,45
36,48
36,56
36,58
36,61
36,62
36,64
36,65
36,70
36,72
36,76
36,78
36,81
36,83
36,86
36,93
36,94
37,40
37,41
37,42
37,43
37,47
37,48
37,50
37,51
37,52
37,53
37,55
37,57
37,58
37,59
37,61
37,63
37,64
37,66
37,67
37,70
37,73
37,74
37,75
37,78
37,80
37,81
37,82
37,83
37,84
37,85
37,87
37,90
37,91
37,93
38,39
38,41
38,43
38,45
38,46
38,47
38,48
38,52
38,53
38,55
38,57
38,58
38,60
38,61
38,63
38,64
38,69
38,70
38,74
38,75
38,77
38,79
38,80
38,81
38,82
38,85
38,86
38,89
38,91
38,92
39,41
39,42
39,44
39,45
39,50
39,54
39,56
39,60
39,62
39,64
39,65
39,66
39,67
39,68
39,70
39,71
39,73
39,76
39,78
39,80
39,83
39,84
39,85
39,86
39,87
39,89
39,93
40,43
40,44
40,45
40,47
40,48
40,51
40,53
40,57
40,58
40,60
40,61
40,63
40,66
40,70
40,73
40,75
40,77
40,78
40,80
40,82
40,83
40,84
40,85
40,90
40,93
41,42
41,45
41,46
41,49
41,50
41,51
41,52
41,53
41,54
41,57
41,59
41,62
41,63
41,65
41,67
41,69
41,74
41,75
41,76
41,77
41,81
41,86
41,88
41,89
41,92
41,93
41,94
42,43
42,44
42,45
42,46
42,47
42,51
42,52
42,54
42,55
42,56
42,58
42,59
42,60
42,62
42,63
42,72
42,74
42,76
42,79
42,80
42,82
42,85
42,88
42,90
42,91
42,92
43,45
43,47
43,48
43,52
43,53
43,54
43,55
43,56
43,57
43,58
43,59
43,61
43,64
43,65
43,67
43,69
43,70
43,71
43,74
43,75
43,77
43,78
43,80
43,82
43,84
43,91
43,93
43,94
44,46
44,50
44,52
44,53
44,54
44,55
44,58
44,59
44,61
44,62
44,64
44,66
44,67
44,69
44,79
44,84
44,87
44,88
44,89
44,91
45,46
45,47
45,48
45,51
45,52
45,53
45,54
45,57
45,61
45,65
45,66
45,69
45,72
45,74
45,75
45,76
45,77
45,78
45,79
45,80
45,81
45,82
45,83
45,84
45,85
45,87
45,88
45,89
45,92
45,94
46,48
46,49
46,50
46,52
46,53
46,54
46,56
46,59
46,61
46,63
46,65
46,66
46,68
46,69
46,71
46,73
46,76
46,77
46,79
46,80
46,81
46,82
46,86
46,87
46,88
46,92
46,93
46,94
47,48
47,49
47,51
47,52
47,53
47,54
47,57
47,59
47,60
47,62
47,66
47,68
47,70
47,71
47,75
47,79
47,81
47,82
47,83
47,84
47,85
47,86
47,88
47,89
47,91
47,92
47,93
47,94
48,49
48,50
48,51
48,55
48,56
48,58
48,59
48,60
48,61
48,64
48,72
48,73
48,74
48,75
48,78
48,81
48,84
48,85
48,90
48,91
48,92
49,52
49,56
49,57
49,59
49,60
49,61
49,64
49,65
49,67
49,68
49,70
49,73
49,74
49,75
49,76
49,77
49,79
49,81
49,82
49,83
49,87
49,90
49,91
49,92
49,93
50,54
50,56
50,57
50,58
50,59
50,60
50,63
50,64
50,65
50,67
50,68
50,70
50,71
50,74
50,77
50,79
50,80
50,84
50,85
50,88
50,91
51,55
51,56
51,59
51,60
51,62
51,64
51,67
51,70
51,71
51,72
51,74
51,77
51,82
51,83
51,84
51,87
51,88
51,91
52,53
52,55
52,56
52,57
52,58
52,61
52,62
52,64
52,66
52,67
52,69
52,70
52,71
52,75
52,76
52,77
52,79
52,80
52,83
52,84
52,85
52,87
52,88
52,91
52,92
53,55
53,60
53,61
53,62
53,63
53,65
53,69
53,72
53,77
53,82
53,83
53,84
53,86
53,87
53,88
53,89
53,90
54,55
54,56
54,58
54,59
54,61
54,62
54,64
54,65
54,66
54,67
54,68
54,70
54,71
54,72
54,73
54,76
54,79
54,80
54,81
54,85
54,86
54,87
54,88
54,90
55,56
55,57
55,58
55,59
55,60
55,64
55,65
55,66
55,69
55,70
55,71
55,72
55,74
55,76
55,78
55,79
55,81
55,85
55,94
56,57
56,59
56,61
56,63
56,64
56,66
56,69
56,70
56,72
56,73
56,74
56,76
56,77
56,78
56,79
56,82
56,83
56,88
56,90
56,92
57,58
57,59
57,61
57,63
57,64
57,65
57,68
57,69
57,71
57,72
57,77
57,78
57,82
57,87
57,88
57,90
57,91
58,60
58,63
58,64
58,66
58,67
58,68
58,70
58,71
58,74
58,75
58,76
58,80
58,81
58,84
58,85
58,86
58,89
58,90
58,92
58,94
59,60
59,61
59,63
59,64
59,67
59,69
59,70
59,71
59,73
59,76
59,79
59,80
59,83
59,84
59,85
59,86
59,92
59,93
59,94
60,64
60,66
60,68
60,69
60,71
60,74
60,78
60,79
60,81
60,82
60,83
60,85
60,88
60,90
60,91
60,92
60,93
60,94
61,62
61,64
61,68
61,69
61,71
61,72
61,73
61,74
61,76
61,77
61,78
61,82
61,83
61,86
61,87
61,89
61,90
61,91
61,92
61,94
62,63
62,65
62,68
62,72
62,73
62,74
62,75
62,76
62,77
62,78
62,84
62,85
62,86
62,87
62,88
62,91
62,92
62,93
63,64
63,65
63,66
63,67
63,68
63,69
63,71
63,73
63,75
63,76
63,79
63,81
63,82
63,84
63,85
63,86
63,87
63,90
63,91
63,92
63,94
64,67
64,70
64,71
64,72
64,75
64,76
64,77
64,79
64,81
64,82
64,83
64,84
64,85
64,91
64,93
65,66
65,70
65,72
65,76
65,78
65,80
65,81
65,82
65,83
65,85
65,86
65,89
65,91
65,92
66,71
66,72
66,73
66,76
66,77
66,78
66,82
66,83
66,84
66,87
66,88
66,91
66,93
67,70
67,72
67,77
67,79
67,80
67,81
67,83
67,84
67,88
67,89
67,91
67,93
67,94
68,70
68,71
68,72
68,74
68,75
68,77
68,80
68,81
68,82
68,83
68,84
68,85
68,86
68,89
68,90
68,92
69,73
69,74
69,75
69,79
69,83
69,84
69,85
69,89
69,91
69,92
70,73
70,75
70,76
70,79
70,80
70,81
70,84
70,85
70,86
70,89
70,90
70,92
71,73
71,74
71,75
71,78
71,79
71,81
71,82
71,83
71,84
71,85
71,87
71,88
71,89
71,90
71,91
71,92
71,94
72,74
72,75
72,77
72,80
72,81
72,83
72,84
73,74
73,75
73,80
73,82
73,83
73,84
73,86
73,87
73,88
73,89
73,91
73,92
73,94
74,76
74,78
74,79
74,80
74,84
74,85
74,87
74,88
74,89
74,90
74,91
75,76
75,80
75,83
75,84
75,85
75,86
75,88
75,89
75,92
75,94
76,79
76,80
76,81
76,82
76,85
76,88
76,94
77,83
77,84
77,86
77,87
77,88
77,93
77,94
78,79
78,80
78,86
78,90
78,94
79,81
79,85
79,86
79,88
80,81
80,82
80,84
80,85
80,86
80,88
80,89
80,90
80,92
80,93
81,85
81,86
81,89
81,90
81,91
82,83
82,84
82,86
82,89
82,90
82,91
82,92
82,93
83,84
83,85
83,91
84,86
84,88
84,91
84,92
84,93
84,94
85,86
85,87
85,89
85,90
85,94
86,87
86,89
86,91
86,92
86,93
87,89
87,90
87,93
87,94
88,93
89,91
90,91
91,93
91,94
92,94
