# Primero viene la cantidad (n) de timestamps para ambos, luego n líneas que son un timestamp aproximado cada uno separado por una coma (',') del error, y luego n lineas de las transacciones del sospechoso
100
100,10
110,15
120,20
130,25
140,30
150,35
160,40
170,45
180,50
190,55
200,60
210,65
220,70
230,75
240,80
250,85
260,90
270,95
280,100
290,105
300,110
310,115
320,120
330,125
340,130
350,135
360,140
370,145
380,150
390,155
400,160
410,165
420,170
430,175
440,180
450,185
460,190
470,195
480,200
490,205
500,210
510,215
520,220
530,225
540,230
550,235
560,240
570,245
580,250
590,255
600,260
610,265
620,270
630,275
640,280
650,285
660,290
670,295
680,300
690,305
700,310
710,315
720,320
730,325
740,330
750,335
760,340
770,345
780,350
790,355
800,360
810,365
820,370
830,375
840,380
850,385
860,390
870,395
880,400
890,405
900,410
910,415
920,420
930,425
940,430
950,435
960,440
970,445
980,450
990,455
1000,460
1010,465
1020,470
1030,475
1040,480
1050,485
1060,490
1070,495
1080,500
1090,505
95
119
131
133
152
148
173
194
196
197
184
171
173
232
186
248
258
272
377
221
344
353
323
306
328
236
332
359
232
278
542
575
431
493
286
340
570
626
391
522
688
463
663
429
751
715
576
569
556
385
711
783
604
762
455
895
806
646
437
558
657
778
749
1015
844
578
734
470
447
478
456
997
1022
1136
534
893
811
1121
664
985
524
631
742
995
1201
786
1182
1070
1381
1112
676
1188
878
693
666
851
1531
1234
1343
1210
