# Primero viene la cantidad (n) de timestamps para ambos, luego n líneas que son un timestamp aproximado cada uno separado por una coma (',') del error, y luego n lineas de las transacciones del sospechoso
1000
100,10
110,15
120,20
130,25
140,30
150,35
160,40
170,45
180,50
190,55
200,60
210,65
220,70
230,75
240,80
250,85
260,90
270,95
280,100
290,105
300,110
310,115
320,120
330,125
340,130
350,135
360,140
370,145
380,150
390,155
400,160
410,165
420,170
430,175
440,180
450,185
460,190
470,195
480,200
490,205
500,210
510,215
520,220
530,225
540,230
550,235
560,240
570,245
580,250
590,255
600,260
610,265
620,270
630,275
640,280
650,285
660,290
670,295
680,300
690,305
700,310
710,315
720,320
730,325
740,330
750,335
760,340
770,345
780,350
790,355
800,360
810,365
820,370
830,375
840,380
850,385
860,390
870,395
880,400
890,405
900,410
910,415
920,420
930,425
940,430
950,435
960,440
970,445
980,450
990,455
1000,460
1010,465
1020,470
1030,475
1040,480
1050,485
1060,490
1070,495
1080,500
1090,505
1100,510
1110,515
1120,520
1130,525
1140,530
1150,535
1160,540
1170,545
1180,550
1190,555
1200,560
1210,565
1220,570
1230,575
1240,580
1250,585
1260,590
1270,595
1280,600
1290,605
1300,610
1310,615
1320,620
1330,625
1340,630
1350,635
1360,640
1370,645
1380,650
1390,655
1400,660
1410,665
1420,670
1430,675
1440,680
1450,685
1460,690
1470,695
1480,700
1490,705
1500,710
1510,715
1520,720
1530,725
1540,730
1550,735
1560,740
1570,745
1580,750
1590,755
1600,760
1610,765
1620,770
1630,775
1640,780
1650,785
1660,790
1670,795
1680,800
1690,805
1700,810
1710,815
1720,820
1730,825
1740,830
1750,835
1760,840
1770,845
1780,850
1790,855
1800,860
1810,865
1820,870
1830,875
1840,880
1850,885
1860,890
1870,895
1880,900
1890,905
1900,910
1910,915
1920,920
1930,925
1940,930
1950,935
1960,940
1970,945
1980,950
1990,955
2000,960
2010,965
2020,970
2030,975
2040,980
2050,985
2060,990
2070,995
2080,1000
2090,1005
2100,1010
2110,1015
2120,1020
2130,1025
2140,1030
2150,1035
2160,1040
2170,1045
2180,1050
2190,1055
2200,1060
2210,1065
2220,1070
2230,1075
2240,1080
2250,1085
2260,1090
2270,1095
2280,1100
2290,1105
2300,1110
2310,1115
2320,1120
2330,1125
2340,1130
2350,1135
2360,1140
2370,1145
2380,1150
2390,1155
2400,1160
2410,1165
2420,1170
2430,1175
2440,1180
2450,1185
2460,1190
2470,1195
2480,1200
2490,1205
2500,1210
2510,1215
2520,1220
2530,1225
2540,1230
2550,1235
2560,1240
2570,1245
2580,1250
2590,1255
2600,1260
2610,1265
2620,1270
2630,1275
2640,1280
2650,1285
2660,1290
2670,1295
2680,1300
2690,1305
2700,1310
2710,1315
2720,1320
2730,1325
2740,1330
2750,1335
2760,1340
2770,1345
2780,1350
2790,1355
2800,1360
2810,1365
2820,1370
2830,1375
2840,1380
2850,1385
2860,1390
2870,1395
2880,1400
2890,1405
2900,1410
2910,1415
2920,1420
2930,1425
2940,1430
2950,1435
2960,1440
2970,1445
2980,1450
2990,1455
3000,1460
3010,1465
3020,1470
3030,1475
3040,1480
3050,1485
3060,1490
3070,1495
3080,1500
3090,1505
3100,1510
3110,1515
3120,1520
3130,1525
3140,1530
3150,1535
3160,1540
3170,1545
3180,1550
3190,1555
3200,1560
3210,1565
3220,1570
3230,1575
3240,1580
3250,1585
3260,1590
3270,1595
3280,1600
3290,1605
3300,1610
3310,1615
3320,1620
3330,1625
3340,1630
3350,1635
3360,1640
3370,1645
3380,1650
3390,1655
3400,1660
3410,1665
3420,1670
3430,1675
3440,1680
3450,1685
3460,1690
3470,1695
3480,1700
3490,1705
3500,1710
3510,1715
3520,1720
3530,1725
3540,1730
3550,1735
3560,1740
3570,1745
3580,1750
3590,1755
3600,1760
3610,1765
3620,1770
3630,1775
3640,1780
3650,1785
3660,1790
3670,1795
3680,1800
3690,1805
3700,1810
3710,1815
3720,1820
3730,1825
3740,1830
3750,1835
3760,1840
3770,1845
3780,1850
3790,1855
3800,1860
3810,1865
3820,1870
3830,1875
3840,1880
3850,1885
3860,1890
3870,1895
3880,1900
3890,1905
3900,1910
3910,1915
3920,1920
3930,1925
3940,1930
3950,1935
3960,1940
3970,1945
3980,1950
3990,1955
4000,1960
4010,1965
4020,1970
4030,1975
4040,1980
4050,1985
4060,1990
4070,1995
4080,2000
4090,2005
4100,2010
4110,2015
4120,2020
4130,2025
4140,2030
4150,2035
4160,2040
4170,2045
4180,2050
4190,2055
4200,2060
4210,2065
4220,2070
4230,2075
4240,2080
4250,2085
4260,2090
4270,2095
4280,2100
4290,2105
4300,2110
4310,2115
4320,2120
4330,2125
4340,2130
4350,2135
4360,2140
4370,2145
4380,2150
4390,2155
4400,2160
4410,2165
4420,2170
4430,2175
4440,2180
4450,2185
4460,2190
4470,2195
4480,2200
4490,2205
4500,2210
4510,2215
4520,2220
4530,2225
4540,2230
4550,2235
4560,2240
4570,2245
4580,2250
4590,2255
4600,2260
4610,2265
4620,2270
4630,2275
4640,2280
4650,2285
4660,2290
4670,2295
4680,2300
4690,2305
4700,2310
4710,2315
4720,2320
4730,2325
4740,2330
4750,2335
4760,2340
4770,2345
4780,2350
4790,2355
4800,2360
4810,2365
4820,2370
4830,2375
4840,2380
4850,2385
4860,2390
4870,2395
4880,2400
4890,2405
4900,2410
4910,2415
4920,2420
4930,2425
4940,2430
4950,2435
4960,2440
4970,2445
4980,2450
4990,2455
5000,2460
5010,2465
5020,2470
5030,2475
5040,2480
5050,2485
5060,2490
5070,2495
5080,2500
5090,2505
5100,2510
5110,2515
5120,2520
5130,2525
5140,2530
5150,2535
5160,2540
5170,2545
5180,2550
5190,2555
5200,2560
5210,2565
5220,2570
5230,2575
5240,2580
5250,2585
5260,2590
5270,2595
5280,2600
5290,2605
5300,2610
5310,2615
5320,2620
5330,2625
5340,2630
5350,2635
5360,2640
5370,2645
5380,2650
5390,2655
5400,2660
5410,2665
5420,2670
5430,2675
5440,2680
5450,2685
5460,2690
5470,2695
5480,2700
5490,2705
5500,2710
5510,2715
5520,2720
5530,2725
5540,2730
5550,2735
5560,2740
5570,2745
5580,2750
5590,2755
5600,2760
5610,2765
5620,2770
5630,2775
5640,2780
5650,2785
5660,2790
5670,2795
5680,2800
5690,2805
5700,2810
5710,2815
5720,2820
5730,2825
5740,2830
5750,2835
5760,2840
5770,2845
5780,2850
5790,2855
5800,2860
5810,2865
5820,2870
5830,2875
5840,2880
5850,2885
5860,2890
5870,2895
5880,2900
5890,2905
5900,2910
5910,2915
5920,2920
5930,2925
5940,2930
5950,2935
5960,2940
5970,2945
5980,2950
5990,2955
6000,2960
6010,2965
6020,2970
6030,2975
6040,2980
6050,2985
6060,2990
6070,2995
6080,3000
6090,3005
6100,3010
6110,3015
6120,3020
6130,3025
6140,3030
6150,3035
6160,3040
6170,3045
6180,3050
6190,3055
6200,3060
6210,3065
6220,3070
6230,3075
6240,3080
6250,3085
6260,3090
6270,3095
6280,3100
6290,3105
6300,3110
6310,3115
6320,3120
6330,3125
6340,3130
6350,3135
6360,3140
6370,3145
6380,3150
6390,3155
6400,3160
6410,3165
6420,3170
6430,3175
6440,3180
6450,3185
6460,3190
6470,3195
6480,3200
6490,3205
6500,3210
6510,3215
6520,3220
6530,3225
6540,3230
6550,3235
6560,3240
6570,3245
6580,3250
6590,3255
6600,3260
6610,3265
6620,3270
6630,3275
6640,3280
6650,3285
6660,3290
6670,3295
6680,3300
6690,3305
6700,3310
6710,3315
6720,3320
6730,3325
6740,3330
6750,3335
6760,3340
6770,3345
6780,3350
6790,3355
6800,3360
6810,3365
6820,3370
6830,3375
6840,3380
6850,3385
6860,3390
6870,3395
6880,3400
6890,3405
6900,3410
6910,3415
6920,3420
6930,3425
6940,3430
6950,3435
6960,3440
6970,3445
6980,3450
6990,3455
7000,3460
7010,3465
7020,3470
7030,3475
7040,3480
7050,3485
7060,3490
7070,3495
7080,3500
7090,3505
7100,3510
7110,3515
7120,3520
7130,3525
7140,3530
7150,3535
7160,3540
7170,3545
7180,3550
7190,3555
7200,3560
7210,3565
7220,3570
7230,3575
7240,3580
7250,3585
7260,3590
7270,3595
7280,3600
7290,3605
7300,3610
7310,3615
7320,3620
7330,3625
7340,3630
7350,3635
7360,3640
7370,3645
7380,3650
7390,3655
7400,3660
7410,3665
7420,3670
7430,3675
7440,3680
7450,3685
7460,3690
7470,3695
7480,3700
7490,3705
7500,3710
7510,3715
7520,3720
7530,3725
7540,3730
7550,3735
7560,3740
7570,3745
7580,3750
7590,3755
7600,3760
7610,3765
7620,3770
7630,3775
7640,3780
7650,3785
7660,3790
7670,3795
7680,3800
7690,3805
7700,3810
7710,3815
7720,3820
7730,3825
7740,3830
7750,3835
7760,3840
7770,3845
7780,3850
7790,3855
7800,3860
7810,3865
7820,3870
7830,3875
7840,3880
7850,3885
7860,3890
7870,3895
7880,3900
7890,3905
7900,3910
7910,3915
7920,3920
7930,3925
7940,3930
7950,3935
7960,3940
7970,3945
7980,3950
7990,3955
8000,3960
8010,3965
8020,3970
8030,3975
8040,3980
8050,3985
8060,3990
8070,3995
8080,4000
8090,4005
8100,4010
8110,4015
8120,4020
8130,4025
8140,4030
8150,4035
8160,4040
8170,4045
8180,4050
8190,4055
8200,4060
8210,4065
8220,4070
8230,4075
8240,4080
8250,4085
8260,4090
8270,4095
8280,4100
8290,4105
8300,4110
8310,4115
8320,4120
8330,4125
8340,4130
8350,4135
8360,4140
8370,4145
8380,4150
8390,4155
8400,4160
8410,4165
8420,4170
8430,4175
8440,4180
8450,4185
8460,4190
8470,4195
8480,4200
8490,4205
8500,4210
8510,4215
8520,4220
8530,4225
8540,4230
8550,4235
8560,4240
8570,4245
8580,4250
8590,4255
8600,4260
8610,4265
8620,4270
8630,4275
8640,4280
8650,4285
8660,4290
8670,4295
8680,4300
8690,4305
8700,4310
8710,4315
8720,4320
8730,4325
8740,4330
8750,4335
8760,4340
8770,4345
8780,4350
8790,4355
8800,4360
8810,4365
8820,4370
8830,4375
8840,4380
8850,4385
8860,4390
8870,4395
8880,4400
8890,4405
8900,4410
8910,4415
8920,4420
8930,4425
8940,4430
8950,4435
8960,4440
8970,4445
8980,4450
8990,4455
9000,4460
9010,4465
9020,4470
9030,4475
9040,4480
9050,4485
9060,4490
9070,4495
9080,4500
9090,4505
9100,4510
9110,4515
9120,4520
9130,4525
9140,4530
9150,4535
9160,4540
9170,4545
9180,4550
9190,4555
9200,4560
9210,4565
9220,4570
9230,4575
9240,4580
9250,4585
9260,4590
9270,4595
9280,4600
9290,4605
9300,4610
9310,4615
9320,4620
9330,4625
9340,4630
9350,4635
9360,4640
9370,4645
9380,4650
9390,4655
9400,4660
9410,4665
9420,4670
9430,4675
9440,4680
9450,4685
9460,4690
9470,4695
9480,4700
9490,4705
9500,4710
9510,4715
9520,4720
9530,4725
9540,4730
9550,4735
9560,4740
9570,4745
9580,4750
9590,4755
9600,4760
9610,4765
9620,4770
9630,4775
9640,4780
9650,4785
9660,4790
9670,4795
9680,4800
9690,4805
9700,4810
9710,4815
9720,4820
9730,4825
9740,4830
9750,4835
9760,4840
9770,4845
9780,4850
9790,4855
9800,4860
9810,4865
9820,4870
9830,4875
9840,4880
9850,4885
9860,4890
9870,4895
9880,4900
9890,4905
9900,4910
9910,4915
9920,4920
9930,4925
9940,4930
9950,4935
9960,4940
9970,4945
9980,4950
9990,4955
10000,4960
10010,4965
10020,4970
10030,4975
10040,4980
10050,4985
10060,4990
10070,4995
10080,5000
10090,5005
107
109
116
107
117
137
185
125
172
193
200
236
219
261
164
309
274
365
275
245
326
423
253
412
368
234
284
441
425
412
402
480
406
284
567
568
503
584
282
646
296
518
440
332
650
672
390
636
487
610
475
654
693
821
877
720
584
375
630
972
928
985
440
765
617
597
692
1018
666
869
1074
545
1064
1050
1153
571
1099
1186
651
744
1006
720
1084
1173
636
1035
1261
1364
747
732
913
1313
595
1121
1365
914
1070
875
703
1335
780
1582
990
1291
1632
899
985
711
801
1596
919
1410
812
697
1536
1255
1008
1388
839
1329
1077
1816
1873
1213
1618
1985
1442
1912
908
1056
1997
1391
1221
1444
1275
1784
888
928
787
1782
1146
1099
1043
1106
1399
1733
2256
1595
2074
2256
871
1511
1888
1609
1245
980
1645
1209
971
1799
1494
1210
2121
2368
1494
1050
1782
2381
1227
2640
2377
1169
1293
1104
1468
1041
1426
1260
2072
1158
2654
1517
1716
1991
2040
2297
2335
2638
2389
1742
2128
1993
2756
1308
1998
1237
2463
1722
1209
2899
1261
1331
1974
3097
2798
1386
2382
2210
2142
2007
1829
2837
1613
1584
1604
2984
2983
2826
2918
1409
1987
1866
3364
1641
1993
2828
1971
3008
1905
1272
3097
3407
1710
2600
2786
2812
3140
3227
2088
3605
3025
2387
2157
2237
1903
3207
3149
2393
1721
1893
2408
3801
2518
2458
1962
1795
3198
2502
1807
1913
2347
2761
3402
2832
2618
1504
3070
3353
1570
2316
1751
3175
2507
2543
2390
2703
4163
3740
3609
3259
3674
2004
1931
1743
4317
2252
2244
2430
4423
4095
4225
4032
2212
2638
4191
2373
3664
4238
4322
3896
2789
2567
2342
1653
2748
2671
3607
2772
3914
2897
4487
2221
4333
1904
1931
2985
1680
3772
3893
4796
3095
3303
2119
2533
2546
3465
3345
3558
2252
4410
3457
2974
3240
2130
1914
3158
2543
3175
4784
4179
4705
3270
1803
1809
3020
4004
4588
4052
5123
2096
3927
4449
2761
4408
5134
3805
4452
3717
4678
4922
2683
2378
3523
5334
3454
4013
5537
4064
2397
4520
4976
4726
4698
5612
2827
4669
4748
2123
2017
5043
5426
5077
5362
3577
5621
3070
2278
3229
5732
5504
4621
4229
5864
5409
5255
5735
2686
4231
2957
3050
5562
2236
5174
4896
5627
2706
5388
5042
4616
3118
4947
2385
4201
2688
2846
3758
2281
2612
3292
6223
2935
5549
3115
5061
4090
4230
3213
4384
6362
4992
4676
4464
2294
5408
6313
2478
5163
3066
3806
4048
6569
3648
2632
3923
6428
6349
3216
5682
5833
5135
6367
4599
4016
2831
3081
3972
6384
5768
4750
3926
4051
4815
3540
3178
3202
3445
6823
5699
3371
5409
6292
4908
5933
4533
4623
3962
4945
3042
5176
4895
6417
5541
4900
2926
4278
3123
2565
4195
5021
6428
3169
7286
5425
4168
4822
6644
7104
4911
5448
5960
2870
6059
6689
4481
4786
5160
4620
2887
4313
7018
5724
7104
5170
7710
6229
3757
3051
4634
3457
3928
4987
2919
3672
2921
5785
5005
7692
7229
2942
7161
3891
3216
6827
4111
6541
3832
2980
5186
2867
4794
6723
7849
8198
6052
4384
6122
7033
2950
4608
2863
7369
6407
5945
4485
7839
5696
4341
4507
7354
3089
7895
4605
4679
5758
6786
7040
5772
5842
7196
7226
7621
8295
5041
8627
5820
5339
7918
7661
8680
7704
7372
5550
8460
3779
8611
3996
5503
8253
7563
8409
5613
4529
5790
6124
6430
3876
7215
5623
6820
7172
8026
6724
8069
6110
9102
5561
6632
8967
8309
7846
7116
7343
5321
4636
3578
6717
7962
4555
7856
7121
4400
6835
8369
7270
8117
7523
5401
8780
4172
4788
9513
3837
7156
4063
6835
8865
3296
4634
7261
8183
4407
5685
4309
5173
9331
4328
3807
9540
8582
5609
4645
7351
9199
5524
7459
9821
9890
9799
5876
9293
7202
8357
4877
4703
3534
8484
7624
8471
4813
5041
9968
7884
5732
9963
7310
6731
8324
6806
8636
8315
5521
7111
8211
4395
6468
7721
3803
4665
5910
7372
6136
8598
9447
5716
8359
7312
4423
3624
4131
4967
9621
8782
5449
10642
7869
3691
4818
6735
8360
4243
10184
6044
6008
10100
5024
8522
8264
7055
10854
5857
4991
10716
5104
6169
4976
7718
8277
5257
4678
10979
6329
8423
5115
7463
8709
8503
8886
8635
4772
7721
10566
4720
7718
10845
8597
6102
8345
9402
8603
9210
8620
4544
8807
8500
9995
6774
11371
10952
10206
8129
4728
8624
5855
7731
8343
11332
4472
11516
4895
5228
5408
10092
11629
9997
7724
7690
4128
4010
6467
6068
9210
9747
7693
8543
10535
9333
4326
8545
9460
10139
6874
9319
6112
4338
7585
7037
4852
6529
5949
6180
11309
9585
8161
5879
10405
11898
8652
9483
6843
10873
6592
4728
9767
6414
9249
5441
5858
5483
6978
4242
5648
9741
7479
8491
6719
11934
7654
10834
9884
10828
6233
5470
10640
8642
9544
8877
8738
9639
10596
4438
10124
9129
7607
10579
6667
6471
9798
12261
10509
12753
9630
10076
12731
8176
12548
10994
8100
10585
8503
12624
9522
4683
8735
8819
5764
12419
12404
12108
9580
11394
8711
5813
10781
10207
13104
7058
9544
9504
11466
8150
10118
11338
12744
5220
4922
11121
7494
12712
13065
6396
13378
4781
11435
9724
13090
12492
7290
11714
10915
9870
4927
9722
7095
9748
13299
8450
9247
9296
6882
8540
12175
10160
6781
8710
6554
11990
4767
10451
10793
7842
10535
13100
5815
5810
13128
12206
11103
11235
7585
8501
12258
10241
6606
9723
11462
8546
5450
7542
9542
13957
8126
13730
9551
6284
4946
13768
11602
6050
5892
10073
6298
12564
9490
11232
11143
13346
8249
7504
8575
6923
11306
14268
8250
8059
12085
11826
11473
10287
5224
12260
13406
5969
12390
11498
11059
5076
7680
11613
6624
9346
14420
11508
7948
10923
5101
6186
9365
14866
12994
6997
8230
9464
13521
7598
5791
12290
11742
13232
14121
11379
