# Primero viene la cantidad (n) de timestamps para ambos, luego n líneas que son un timestamp aproximado cada uno separado por una coma (',') del error, y luego n lineas de las transacciones del sospechoso
250
100,10
110,15
120,20
130,25
140,30
150,35
160,40
170,45
180,50
190,55
200,60
210,65
220,70
230,75
240,80
250,85
260,90
270,95
280,100
290,105
300,110
310,115
320,120
330,125
340,130
350,135
360,140
370,145
380,150
390,155
400,160
410,165
420,170
430,175
440,180
450,185
460,190
470,195
480,200
490,205
500,210
510,215
520,220
530,225
540,230
550,235
560,240
570,245
580,250
590,255
600,260
610,265
620,270
630,275
640,280
650,285
660,290
670,295
680,300
690,305
700,310
710,315
720,320
730,325
740,330
750,335
760,340
770,345
780,350
790,355
800,360
810,365
820,370
830,375
840,380
850,385
860,390
870,395
880,400
890,405
900,410
910,415
920,420
930,425
940,430
950,435
960,440
970,445
980,450
990,455
1000,460
1010,465
1020,470
1030,475
1040,480
1050,485
1060,490
1070,495
1080,500
1090,505
1100,510
1110,515
1120,520
1130,525
1140,530
1150,535
1160,540
1170,545
1180,550
1190,555
1200,560
1210,565
1220,570
1230,575
1240,580
1250,585
1260,590
1270,595
1280,600
1290,605
1300,610
1310,615
1320,620
1330,625
1340,630
1350,635
1360,640
1370,645
1380,650
1390,655
1400,660
1410,665
1420,670
1430,675
1440,680
1450,685
1460,690
1470,695
1480,700
1490,705
1500,710
1510,715
1520,720
1530,725
1540,730
1550,735
1560,740
1570,745
1580,750
1590,755
1600,760
1610,765
1620,770
1630,775
1640,780
1650,785
1660,790
1670,795
1680,800
1690,805
1700,810
1710,815
1720,820
1730,825
1740,830
1750,835
1760,840
1770,845
1780,850
1790,855
1800,860
1810,865
1820,870
1830,875
1840,880
1850,885
1860,890
1870,895
1880,900
1890,905
1900,910
1910,915
1920,920
1930,925
1940,930
1950,935
1960,940
1970,945
1980,950
1990,955
2000,960
2010,965
2020,970
2030,975
2040,980
2050,985
2060,990
2070,995
2080,1000
2090,1005
2100,1010
2110,1015
2120,1020
2130,1025
2140,1030
2150,1035
2160,1040
2170,1045
2180,1050
2190,1055
2200,1060
2210,1065
2220,1070
2230,1075
2240,1080
2250,1085
2260,1090
2270,1095
2280,1100
2290,1105
2300,1110
2310,1115
2320,1120
2330,1125
2340,1130
2350,1135
2360,1140
2370,1145
2380,1150
2390,1155
2400,1160
2410,1165
2420,1170
2430,1175
2440,1180
2450,1185
2460,1190
2470,1195
2480,1200
2490,1205
2500,1210
2510,1215
2520,1220
2530,1225
2540,1230
2550,1235
2560,1240
2570,1245
2580,1250
2590,1255
110
107
137
154
161
179
184
195
148
198
217
145
222
221
301
189
197
233
211
273
367
289
342
319
240
351
240
292
423
281
315
540
394
278
482
448
505
303
314
404
415
577
708
599
336
572
344
684
581
455
455
403
872
598
907
544
759
885
772
566
932
703
895
629
571
971
626
661
568
1079
794
1081
852
1172
793
989
860
567
620
567
1092
644
1305
1007
533
893
1227
1173
540
1319
1284
1107
1108
1241
1313
1528
1540
611
1299
1397
1319
1160
1351
1576
1280
933
796
868
1649
816
1649
834
1254
1707
1145
966
739
1762
918
1840
1588
1787
1450
1954
801
1237
1929
1100
1851
760
885
1327
793
1371
2093
1365
958
1609
1038
1952
1837
2162
1789
1903
2078
1458
2055
1177
1970
1273
1402
1674
1361
1719
1569
1276
1789
1532
1684
1812
901
1789
1577
1995
1083
932
1854
1062
1443
2159
1116
1318
1425
1455
2242
2140
2479
2458
1700
1227
1001
2208
2449
1239
1329
2117
2450
1669
1620
1466
2505
2598
2639
1327
1951
2546
2553
1188
2582
2373
1612
2240
1859
1818
1130
1269
1945
2580
1896
1881
1996
2538
2043
1275
1605
2643
2816
3076
2864
2988
1258
1195
2172
3374
2739
3191
2595
1296
2077
2626
3057
2926
3276
3002
2129
2968
2104
1328
1722
3591
3329
3359
1885
1784
1421
2569
2285
1912
3383
3688
