# Primero viene la cantidad (n) de timestamps para ambos, luego n líneas que son un timestamp aproximado cada uno separado por una coma (',') del error, y luego n lineas de las transacciones del sospechoso
2500
100,10
110,15
120,20
130,25
140,30
150,35
160,40
170,45
180,50
190,55
200,60
210,65
220,70
230,75
240,80
250,85
260,90
270,95
280,100
290,105
300,110
310,115
320,120
330,125
340,130
350,135
360,140
370,145
380,150
390,155
400,160
410,165
420,170
430,175
440,180
450,185
460,190
470,195
480,200
490,205
500,210
510,215
520,220
530,225
540,230
550,235
560,240
570,245
580,250
590,255
600,260
610,265
620,270
630,275
640,280
650,285
660,290
670,295
680,300
690,305
700,310
710,315
720,320
730,325
740,330
750,335
760,340
770,345
780,350
790,355
800,360
810,365
820,370
830,375
840,380
850,385
860,390
870,395
880,400
890,405
900,410
910,415
920,420
930,425
940,430
950,435
960,440
970,445
980,450
990,455
1000,460
1010,465
1020,470
1030,475
1040,480
1050,485
1060,490
1070,495
1080,500
1090,505
1100,510
1110,515
1120,520
1130,525
1140,530
1150,535
1160,540
1170,545
1180,550
1190,555
1200,560
1210,565
1220,570
1230,575
1240,580
1250,585
1260,590
1270,595
1280,600
1290,605
1300,610
1310,615
1320,620
1330,625
1340,630
1350,635
1360,640
1370,645
1380,650
1390,655
1400,660
1410,665
1420,670
1430,675
1440,680
1450,685
1460,690
1470,695
1480,700
1490,705
1500,710
1510,715
1520,720
1530,725
1540,730
1550,735
1560,740
1570,745
1580,750
1590,755
1600,760
1610,765
1620,770
1630,775
1640,780
1650,785
1660,790
1670,795
1680,800
1690,805
1700,810
1710,815
1720,820
1730,825
1740,830
1750,835
1760,840
1770,845
1780,850
1790,855
1800,860
1810,865
1820,870
1830,875
1840,880
1850,885
1860,890
1870,895
1880,900
1890,905
1900,910
1910,915
1920,920
1930,925
1940,930
1950,935
1960,940
1970,945
1980,950
1990,955
2000,960
2010,965
2020,970
2030,975
2040,980
2050,985
2060,990
2070,995
2080,1000
2090,1005
2100,1010
2110,1015
2120,1020
2130,1025
2140,1030
2150,1035
2160,1040
2170,1045
2180,1050
2190,1055
2200,1060
2210,1065
2220,1070
2230,1075
2240,1080
2250,1085
2260,1090
2270,1095
2280,1100
2290,1105
2300,1110
2310,1115
2320,1120
2330,1125
2340,1130
2350,1135
2360,1140
2370,1145
2380,1150
2390,1155
2400,1160
2410,1165
2420,1170
2430,1175
2440,1180
2450,1185
2460,1190
2470,1195
2480,1200
2490,1205
2500,1210
2510,1215
2520,1220
2530,1225
2540,1230
2550,1235
2560,1240
2570,1245
2580,1250
2590,1255
2600,1260
2610,1265
2620,1270
2630,1275
2640,1280
2650,1285
2660,1290
2670,1295
2680,1300
2690,1305
2700,1310
2710,1315
2720,1320
2730,1325
2740,1330
2750,1335
2760,1340
2770,1345
2780,1350
2790,1355
2800,1360
2810,1365
2820,1370
2830,1375
2840,1380
2850,1385
2860,1390
2870,1395
2880,1400
2890,1405
2900,1410
2910,1415
2920,1420
2930,1425
2940,1430
2950,1435
2960,1440
2970,1445
2980,1450
2990,1455
3000,1460
3010,1465
3020,1470
3030,1475
3040,1480
3050,1485
3060,1490
3070,1495
3080,1500
3090,1505
3100,1510
3110,1515
3120,1520
3130,1525
3140,1530
3150,1535
3160,1540
3170,1545
3180,1550
3190,1555
3200,1560
3210,1565
3220,1570
3230,1575
3240,1580
3250,1585
3260,1590
3270,1595
3280,1600
3290,1605
3300,1610
3310,1615
3320,1620
3330,1625
3340,1630
3350,1635
3360,1640
3370,1645
3380,1650
3390,1655
3400,1660
3410,1665
3420,1670
3430,1675
3440,1680
3450,1685
3460,1690
3470,1695
3480,1700
3490,1705
3500,1710
3510,1715
3520,1720
3530,1725
3540,1730
3550,1735
3560,1740
3570,1745
3580,1750
3590,1755
3600,1760
3610,1765
3620,1770
3630,1775
3640,1780
3650,1785
3660,1790
3670,1795
3680,1800
3690,1805
3700,1810
3710,1815
3720,1820
3730,1825
3740,1830
3750,1835
3760,1840
3770,1845
3780,1850
3790,1855
3800,1860
3810,1865
3820,1870
3830,1875
3840,1880
3850,1885
3860,1890
3870,1895
3880,1900
3890,1905
3900,1910
3910,1915
3920,1920
3930,1925
3940,1930
3950,1935
3960,1940
3970,1945
3980,1950
3990,1955
4000,1960
4010,1965
4020,1970
4030,1975
4040,1980
4050,1985
4060,1990
4070,1995
4080,2000
4090,2005
4100,2010
4110,2015
4120,2020
4130,2025
4140,2030
4150,2035
4160,2040
4170,2045
4180,2050
4190,2055
4200,2060
4210,2065
4220,2070
4230,2075
4240,2080
4250,2085
4260,2090
4270,2095
4280,2100
4290,2105
4300,2110
4310,2115
4320,2120
4330,2125
4340,2130
4350,2135
4360,2140
4370,2145
4380,2150
4390,2155
4400,2160
4410,2165
4420,2170
4430,2175
4440,2180
4450,2185
4460,2190
4470,2195
4480,2200
4490,2205
4500,2210
4510,2215
4520,2220
4530,2225
4540,2230
4550,2235
4560,2240
4570,2245
4580,2250
4590,2255
4600,2260
4610,2265
4620,2270
4630,2275
4640,2280
4650,2285
4660,2290
4670,2295
4680,2300
4690,2305
4700,2310
4710,2315
4720,2320
4730,2325
4740,2330
4750,2335
4760,2340
4770,2345
4780,2350
4790,2355
4800,2360
4810,2365
4820,2370
4830,2375
4840,2380
4850,2385
4860,2390
4870,2395
4880,2400
4890,2405
4900,2410
4910,2415
4920,2420
4930,2425
4940,2430
4950,2435
4960,2440
4970,2445
4980,2450
4990,2455
5000,2460
5010,2465
5020,2470
5030,2475
5040,2480
5050,2485
5060,2490
5070,2495
5080,2500
5090,2505
5100,2510
5110,2515
5120,2520
5130,2525
5140,2530
5150,2535
5160,2540
5170,2545
5180,2550
5190,2555
5200,2560
5210,2565
5220,2570
5230,2575
5240,2580
5250,2585
5260,2590
5270,2595
5280,2600
5290,2605
5300,2610
5310,2615
5320,2620
5330,2625
5340,2630
5350,2635
5360,2640
5370,2645
5380,2650
5390,2655
5400,2660
5410,2665
5420,2670
5430,2675
5440,2680
5450,2685
5460,2690
5470,2695
5480,2700
5490,2705
5500,2710
5510,2715
5520,2720
5530,2725
5540,2730
5550,2735
5560,2740
5570,2745
5580,2750
5590,2755
5600,2760
5610,2765
5620,2770
5630,2775
5640,2780
5650,2785
5660,2790
5670,2795
5680,2800
5690,2805
5700,2810
5710,2815
5720,2820
5730,2825
5740,2830
5750,2835
5760,2840
5770,2845
5780,2850
5790,2855
5800,2860
5810,2865
5820,2870
5830,2875
5840,2880
5850,2885
5860,2890
5870,2895
5880,2900
5890,2905
5900,2910
5910,2915
5920,2920
5930,2925
5940,2930
5950,2935
5960,2940
5970,2945
5980,2950
5990,2955
6000,2960
6010,2965
6020,2970
6030,2975
6040,2980
6050,2985
6060,2990
6070,2995
6080,3000
6090,3005
6100,3010
6110,3015
6120,3020
6130,3025
6140,3030
6150,3035
6160,3040
6170,3045
6180,3050
6190,3055
6200,3060
6210,3065
6220,3070
6230,3075
6240,3080
6250,3085
6260,3090
6270,3095
6280,3100
6290,3105
6300,3110
6310,3115
6320,3120
6330,3125
6340,3130
6350,3135
6360,3140
6370,3145
6380,3150
6390,3155
6400,3160
6410,3165
6420,3170
6430,3175
6440,3180
6450,3185
6460,3190
6470,3195
6480,3200
6490,3205
6500,3210
6510,3215
6520,3220
6530,3225
6540,3230
6550,3235
6560,3240
6570,3245
6580,3250
6590,3255
6600,3260
6610,3265
6620,3270
6630,3275
6640,3280
6650,3285
6660,3290
6670,3295
6680,3300
6690,3305
6700,3310
6710,3315
6720,3320
6730,3325
6740,3330
6750,3335
6760,3340
6770,3345
6780,3350
6790,3355
6800,3360
6810,3365
6820,3370
6830,3375
6840,3380
6850,3385
6860,3390
6870,3395
6880,3400
6890,3405
6900,3410
6910,3415
6920,3420
6930,3425
6940,3430
6950,3435
6960,3440
6970,3445
6980,3450
6990,3455
7000,3460
7010,3465
7020,3470
7030,3475
7040,3480
7050,3485
7060,3490
7070,3495
7080,3500
7090,3505
7100,3510
7110,3515
7120,3520
7130,3525
7140,3530
7150,3535
7160,3540
7170,3545
7180,3550
7190,3555
7200,3560
7210,3565
7220,3570
7230,3575
7240,3580
7250,3585
7260,3590
7270,3595
7280,3600
7290,3605
7300,3610
7310,3615
7320,3620
7330,3625
7340,3630
7350,3635
7360,3640
7370,3645
7380,3650
7390,3655
7400,3660
7410,3665
7420,3670
7430,3675
7440,3680
7450,3685
7460,3690
7470,3695
7480,3700
7490,3705
7500,3710
7510,3715
7520,3720
7530,3725
7540,3730
7550,3735
7560,3740
7570,3745
7580,3750
7590,3755
7600,3760
7610,3765
7620,3770
7630,3775
7640,3780
7650,3785
7660,3790
7670,3795
7680,3800
7690,3805
7700,3810
7710,3815
7720,3820
7730,3825
7740,3830
7750,3835
7760,3840
7770,3845
7780,3850
7790,3855
7800,3860
7810,3865
7820,3870
7830,3875
7840,3880
7850,3885
7860,3890
7870,3895
7880,3900
7890,3905
7900,3910
7910,3915
7920,3920
7930,3925
7940,3930
7950,3935
7960,3940
7970,3945
7980,3950
7990,3955
8000,3960
8010,3965
8020,3970
8030,3975
8040,3980
8050,3985
8060,3990
8070,3995
8080,4000
8090,4005
8100,4010
8110,4015
8120,4020
8130,4025
8140,4030
8150,4035
8160,4040
8170,4045
8180,4050
8190,4055
8200,4060
8210,4065
8220,4070
8230,4075
8240,4080
8250,4085
8260,4090
8270,4095
8280,4100
8290,4105
8300,4110
8310,4115
8320,4120
8330,4125
8340,4130
8350,4135
8360,4140
8370,4145
8380,4150
8390,4155
8400,4160
8410,4165
8420,4170
8430,4175
8440,4180
8450,4185
8460,4190
8470,4195
8480,4200
8490,4205
8500,4210
8510,4215
8520,4220
8530,4225
8540,4230
8550,4235
8560,4240
8570,4245
8580,4250
8590,4255
8600,4260
8610,4265
8620,4270
8630,4275
8640,4280
8650,4285
8660,4290
8670,4295
8680,4300
8690,4305
8700,4310
8710,4315
8720,4320
8730,4325
8740,4330
8750,4335
8760,4340
8770,4345
8780,4350
8790,4355
8800,4360
8810,4365
8820,4370
8830,4375
8840,4380
8850,4385
8860,4390
8870,4395
8880,4400
8890,4405
8900,4410
8910,4415
8920,4420
8930,4425
8940,4430
8950,4435
8960,4440
8970,4445
8980,4450
8990,4455
9000,4460
9010,4465
9020,4470
9030,4475
9040,4480
9050,4485
9060,4490
9070,4495
9080,4500
9090,4505
9100,4510
9110,4515
9120,4520
9130,4525
9140,4530
9150,4535
9160,4540
9170,4545
9180,4550
9190,4555
9200,4560
9210,4565
9220,4570
9230,4575
9240,4580
9250,4585
9260,4590
9270,4595
9280,4600
9290,4605
9300,4610
9310,4615
9320,4620
9330,4625
9340,4630
9350,4635
9360,4640
9370,4645
9380,4650
9390,4655
9400,4660
9410,4665
9420,4670
9430,4675
9440,4680
9450,4685
9460,4690
9470,4695
9480,4700
9490,4705
9500,4710
9510,4715
9520,4720
9530,4725
9540,4730
9550,4735
9560,4740
9570,4745
9580,4750
9590,4755
9600,4760
9610,4765
9620,4770
9630,4775
9640,4780
9650,4785
9660,4790
9670,4795
9680,4800
9690,4805
9700,4810
9710,4815
9720,4820
9730,4825
9740,4830
9750,4835
9760,4840
9770,4845
9780,4850
9790,4855
9800,4860
9810,4865
9820,4870
9830,4875
9840,4880
9850,4885
9860,4890
9870,4895
9880,4900
9890,4905
9900,4910
9910,4915
9920,4920
9930,4925
9940,4930
9950,4935
9960,4940
9970,4945
9980,4950
9990,4955
10000,4960
10010,4965
10020,4970
10030,4975
10040,4980
10050,4985
10060,4990
10070,4995
10080,5000
10090,5005
10100,5010
10110,5015
10120,5020
10130,5025
10140,5030
10150,5035
10160,5040
10170,5045
10180,5050
10190,5055
10200,5060
10210,5065
10220,5070
10230,5075
10240,5080
10250,5085
10260,5090
10270,5095
10280,5100
10290,5105
10300,5110
10310,5115
10320,5120
10330,5125
10340,5130
10350,5135
10360,5140
10370,5145
10380,5150
10390,5155
10400,5160
10410,5165
10420,5170
10430,5175
10440,5180
10450,5185
10460,5190
10470,5195
10480,5200
10490,5205
10500,5210
10510,5215
10520,5220
10530,5225
10540,5230
10550,5235
10560,5240
10570,5245
10580,5250
10590,5255
10600,5260
10610,5265
10620,5270
10630,5275
10640,5280
10650,5285
10660,5290
10670,5295
10680,5300
10690,5305
10700,5310
10710,5315
10720,5320
10730,5325
10740,5330
10750,5335
10760,5340
10770,5345
10780,5350
10790,5355
10800,5360
10810,5365
10820,5370
10830,5375
10840,5380
10850,5385
10860,5390
10870,5395
10880,5400
10890,5405
10900,5410
10910,5415
10920,5420
10930,5425
10940,5430
10950,5435
10960,5440
10970,5445
10980,5450
10990,5455
11000,5460
11010,5465
11020,5470
11030,5475
11040,5480
11050,5485
11060,5490
11070,5495
11080,5500
11090,5505
11100,5510
11110,5515
11120,5520
11130,5525
11140,5530
11150,5535
11160,5540
11170,5545
11180,5550
11190,5555
11200,5560
11210,5565
11220,5570
11230,5575
11240,5580
11250,5585
11260,5590
11270,5595
11280,5600
11290,5605
11300,5610
11310,5615
11320,5620
11330,5625
11340,5630
11350,5635
11360,5640
11370,5645
11380,5650
11390,5655
11400,5660
11410,5665
11420,5670
11430,5675
11440,5680
11450,5685
11460,5690
11470,5695
11480,5700
11490,5705
11500,5710
11510,5715
11520,5720
11530,5725
11540,5730
11550,5735
11560,5740
11570,5745
11580,5750
11590,5755
11600,5760
11610,5765
11620,5770
11630,5775
11640,5780
11650,5785
11660,5790
11670,5795
11680,5800
11690,5805
11700,5810
11710,5815
11720,5820
11730,5825
11740,5830
11750,5835
11760,5840
11770,5845
11780,5850
11790,5855
11800,5860
11810,5865
11820,5870
11830,5875
11840,5880
11850,5885
11860,5890
11870,5895
11880,5900
11890,5905
11900,5910
11910,5915
11920,5920
11930,5925
11940,5930
11950,5935
11960,5940
11970,5945
11980,5950
11990,5955
12000,5960
12010,5965
12020,5970
12030,5975
12040,5980
12050,5985
12060,5990
12070,5995
12080,6000
12090,6005
12100,6010
12110,6015
12120,6020
12130,6025
12140,6030
12150,6035
12160,6040
12170,6045
12180,6050
12190,6055
12200,6060
12210,6065
12220,6070
12230,6075
12240,6080
12250,6085
12260,6090
12270,6095
12280,6100
12290,6105
12300,6110
12310,6115
12320,6120
12330,6125
12340,6130
12350,6135
12360,6140
12370,6145
12380,6150
12390,6155
12400,6160
12410,6165
12420,6170
12430,6175
12440,6180
12450,6185
12460,6190
12470,6195
12480,6200
12490,6205
12500,6210
12510,6215
12520,6220
12530,6225
12540,6230
12550,6235
12560,6240
12570,6245
12580,6250
12590,6255
12600,6260
12610,6265
12620,6270
12630,6275
12640,6280
12650,6285
12660,6290
12670,6295
12680,6300
12690,6305
12700,6310
12710,6315
12720,6320
12730,6325
12740,6330
12750,6335
12760,6340
12770,6345
12780,6350
12790,6355
12800,6360
12810,6365
12820,6370
12830,6375
12840,6380
12850,6385
12860,6390
12870,6395
12880,6400
12890,6405
12900,6410
12910,6415
12920,6420
12930,6425
12940,6430
12950,6435
12960,6440
12970,6445
12980,6450
12990,6455
13000,6460
13010,6465
13020,6470
13030,6475
13040,6480
13050,6485
13060,6490
13070,6495
13080,6500
13090,6505
13100,6510
13110,6515
13120,6520
13130,6525
13140,6530
13150,6535
13160,6540
13170,6545
13180,6550
13190,6555
13200,6560
13210,6565
13220,6570
13230,6575
13240,6580
13250,6585
13260,6590
13270,6595
13280,6600
13290,6605
13300,6610
13310,6615
13320,6620
13330,6625
13340,6630
13350,6635
13360,6640
13370,6645
13380,6650
13390,6655
13400,6660
13410,6665
13420,6670
13430,6675
13440,6680
13450,6685
13460,6690
13470,6695
13480,6700
13490,6705
13500,6710
13510,6715
13520,6720
13530,6725
13540,6730
13550,6735
13560,6740
13570,6745
13580,6750
13590,6755
13600,6760
13610,6765
13620,6770
13630,6775
13640,6780
13650,6785
13660,6790
13670,6795
13680,6800
13690,6805
13700,6810
13710,6815
13720,6820
13730,6825
13740,6830
13750,6835
13760,6840
13770,6845
13780,6850
13790,6855
13800,6860
13810,6865
13820,6870
13830,6875
13840,6880
13850,6885
13860,6890
13870,6895
13880,6900
13890,6905
13900,6910
13910,6915
13920,6920
13930,6925
13940,6930
13950,6935
13960,6940
13970,6945
13980,6950
13990,6955
14000,6960
14010,6965
14020,6970
14030,6975
14040,6980
14050,6985
14060,6990
14070,6995
14080,7000
14090,7005
14100,7010
14110,7015
14120,7020
14130,7025
14140,7030
14150,7035
14160,7040
14170,7045
14180,7050
14190,7055
14200,7060
14210,7065
14220,7070
14230,7075
14240,7080
14250,7085
14260,7090
14270,7095
14280,7100
14290,7105
14300,7110
14310,7115
14320,7120
14330,7125
14340,7130
14350,7135
14360,7140
14370,7145
14380,7150
14390,7155
14400,7160
14410,7165
14420,7170
14430,7175
14440,7180
14450,7185
14460,7190
14470,7195
14480,7200
14490,7205
14500,7210
14510,7215
14520,7220
14530,7225
14540,7230
14550,7235
14560,7240
14570,7245
14580,7250
14590,7255
14600,7260
14610,7265
14620,7270
14630,7275
14640,7280
14650,7285
14660,7290
14670,7295
14680,7300
14690,7305
14700,7310
14710,7315
14720,7320
14730,7325
14740,7330
14750,7335
14760,7340
14770,7345
14780,7350
14790,7355
14800,7360
14810,7365
14820,7370
14830,7375
14840,7380
14850,7385
14860,7390
14870,7395
14880,7400
14890,7405
14900,7410
14910,7415
14920,7420
14930,7425
14940,7430
14950,7435
14960,7440
14970,7445
14980,7450
14990,7455
15000,7460
15010,7465
15020,7470
15030,7475
15040,7480
15050,7485
15060,7490
15070,7495
15080,7500
15090,7505
15100,7510
15110,7515
15120,7520
15130,7525
15140,7530
15150,7535
15160,7540
15170,7545
15180,7550
15190,7555
15200,7560
15210,7565
15220,7570
15230,7575
15240,7580
15250,7585
15260,7590
15270,7595
15280,7600
15290,7605
15300,7610
15310,7615
15320,7620
15330,7625
15340,7630
15350,7635
15360,7640
15370,7645
15380,7650
15390,7655
15400,7660
15410,7665
15420,7670
15430,7675
15440,7680
15450,7685
15460,7690
15470,7695
15480,7700
15490,7705
15500,7710
15510,7715
15520,7720
15530,7725
15540,7730
15550,7735
15560,7740
15570,7745
15580,7750
15590,7755
15600,7760
15610,7765
15620,7770
15630,7775
15640,7780
15650,7785
15660,7790
15670,7795
15680,7800
15690,7805
15700,7810
15710,7815
15720,7820
15730,7825
15740,7830
15750,7835
15760,7840
15770,7845
15780,7850
15790,7855
15800,7860
15810,7865
15820,7870
15830,7875
15840,7880
15850,7885
15860,7890
15870,7895
15880,7900
15890,7905
15900,7910
15910,7915
15920,7920
15930,7925
15940,7930
15950,7935
15960,7940
15970,7945
15980,7950
15990,7955
16000,7960
16010,7965
16020,7970
16030,7975
16040,7980
16050,7985
16060,7990
16070,7995
16080,8000
16090,8005
16100,8010
16110,8015
16120,8020
16130,8025
16140,8030
16150,8035
16160,8040
16170,8045
16180,8050
16190,8055
16200,8060
16210,8065
16220,8070
16230,8075
16240,8080
16250,8085
16260,8090
16270,8095
16280,8100
16290,8105
16300,8110
16310,8115
16320,8120
16330,8125
16340,8130
16350,8135
16360,8140
16370,8145
16380,8150
16390,8155
16400,8160
16410,8165
16420,8170
16430,8175
16440,8180
16450,8185
16460,8190
16470,8195
16480,8200
16490,8205
16500,8210
16510,8215
16520,8220
16530,8225
16540,8230
16550,8235
16560,8240
16570,8245
16580,8250
16590,8255
16600,8260
16610,8265
16620,8270
16630,8275
16640,8280
16650,8285
16660,8290
16670,8295
16680,8300
16690,8305
16700,8310
16710,8315
16720,8320
16730,8325
16740,8330
16750,8335
16760,8340
16770,8345
16780,8350
16790,8355
16800,8360
16810,8365
16820,8370
16830,8375
16840,8380
16850,8385
16860,8390
16870,8395
16880,8400
16890,8405
16900,8410
16910,8415
16920,8420
16930,8425
16940,8430
16950,8435
16960,8440
16970,8445
16980,8450
16990,8455
17000,8460
17010,8465
17020,8470
17030,8475
17040,8480
17050,8485
17060,8490
17070,8495
17080,8500
17090,8505
17100,8510
17110,8515
17120,8520
17130,8525
17140,8530
17150,8535
17160,8540
17170,8545
17180,8550
17190,8555
17200,8560
17210,8565
17220,8570
17230,8575
17240,8580
17250,8585
17260,8590
17270,8595
17280,8600
17290,8605
17300,8610
17310,8615
17320,8620
17330,8625
17340,8630
17350,8635
17360,8640
17370,8645
17380,8650
17390,8655
17400,8660
17410,8665
17420,8670
17430,8675
17440,8680
17450,8685
17460,8690
17470,8695
17480,8700
17490,8705
17500,8710
17510,8715
17520,8720
17530,8725
17540,8730
17550,8735
17560,8740
17570,8745
17580,8750
17590,8755
17600,8760
17610,8765
17620,8770
17630,8775
17640,8780
17650,8785
17660,8790
17670,8795
17680,8800
17690,8805
17700,8810
17710,8815
17720,8820
17730,8825
17740,8830
17750,8835
17760,8840
17770,8845
17780,8850
17790,8855
17800,8860
17810,8865
17820,8870
17830,8875
17840,8880
17850,8885
17860,8890
17870,8895
17880,8900
17890,8905
17900,8910
17910,8915
17920,8920
17930,8925
17940,8930
17950,8935
17960,8940
17970,8945
17980,8950
17990,8955
18000,8960
18010,8965
18020,8970
18030,8975
18040,8980
18050,8985
18060,8990
18070,8995
18080,9000
18090,9005
18100,9010
18110,9015
18120,9020
18130,9025
18140,9030
18150,9035
18160,9040
18170,9045
18180,9050
18190,9055
18200,9060
18210,9065
18220,9070
18230,9075
18240,9080
18250,9085
18260,9090
18270,9095
18280,9100
18290,9105
18300,9110
18310,9115
18320,9120
18330,9125
18340,9130
18350,9135
18360,9140
18370,9145
18380,9150
18390,9155
18400,9160
18410,9165
18420,9170
18430,9175
18440,9180
18450,9185
18460,9190
18470,9195
18480,9200
18490,9205
18500,9210
18510,9215
18520,9220
18530,9225
18540,9230
18550,9235
18560,9240
18570,9245
18580,9250
18590,9255
18600,9260
18610,9265
18620,9270
18630,9275
18640,9280
18650,9285
18660,9290
18670,9295
18680,9300
18690,9305
18700,9310
18710,9315
18720,9320
18730,9325
18740,9330
18750,9335
18760,9340
18770,9345
18780,9350
18790,9355
18800,9360
18810,9365
18820,9370
18830,9375
18840,9380
18850,9385
18860,9390
18870,9395
18880,9400
18890,9405
18900,9410
18910,9415
18920,9420
18930,9425
18940,9430
18950,9435
18960,9440
18970,9445
18980,9450
18990,9455
19000,9460
19010,9465
19020,9470
19030,9475
19040,9480
19050,9485
19060,9490
19070,9495
19080,9500
19090,9505
19100,9510
19110,9515
19120,9520
19130,9525
19140,9530
19150,9535
19160,9540
19170,9545
19180,9550
19190,9555
19200,9560
19210,9565
19220,9570
19230,9575
19240,9580
19250,9585
19260,9590
19270,9595
19280,9600
19290,9605
19300,9610
19310,9615
19320,9620
19330,9625
19340,9630
19350,9635
19360,9640
19370,9645
19380,9650
19390,9655
19400,9660
19410,9665
19420,9670
19430,9675
19440,9680
19450,9685
19460,9690
19470,9695
19480,9700
19490,9705
19500,9710
19510,9715
19520,9720
19530,9725
19540,9730
19550,9735
19560,9740
19570,9745
19580,9750
19590,9755
19600,9760
19610,9765
19620,9770
19630,9775
19640,9780
19650,9785
19660,9790
19670,9795
19680,9800
19690,9805
19700,9810
19710,9815
19720,9820
19730,9825
19740,9830
19750,9835
19760,9840
19770,9845
19780,9850
19790,9855
19800,9860
19810,9865
19820,9870
19830,9875
19840,9880
19850,9885
19860,9890
19870,9895
19880,9900
19890,9905
19900,9910
19910,9915
19920,9920
19930,9925
19940,9930
19950,9935
19960,9940
19970,9945
19980,9950
19990,9955
20000,9960
20010,9965
20020,9970
20030,9975
20040,9980
20050,9985
20060,9990
20070,9995
20080,10000
20090,10005
20100,10010
20110,10015
20120,10020
20130,10025
20140,10030
20150,10035
20160,10040
20170,10045
20180,10050
20190,10055
20200,10060
20210,10065
20220,10070
20230,10075
20240,10080
20250,10085
20260,10090
20270,10095
20280,10100
20290,10105
20300,10110
20310,10115
20320,10120
20330,10125
20340,10130
20350,10135
20360,10140
20370,10145
20380,10150
20390,10155
20400,10160
20410,10165
20420,10170
20430,10175
20440,10180
20450,10185
20460,10190
20470,10195
20480,10200
20490,10205
20500,10210
20510,10215
20520,10220
20530,10225
20540,10230
20550,10235
20560,10240
20570,10245
20580,10250
20590,10255
20600,10260
20610,10265
20620,10270
20630,10275
20640,10280
20650,10285
20660,10290
20670,10295
20680,10300
20690,10305
20700,10310
20710,10315
20720,10320
20730,10325
20740,10330
20750,10335
20760,10340
20770,10345
20780,10350
20790,10355
20800,10360
20810,10365
20820,10370
20830,10375
20840,10380
20850,10385
20860,10390
20870,10395
20880,10400
20890,10405
20900,10410
20910,10415
20920,10420
20930,10425
20940,10430
20950,10435
20960,10440
20970,10445
20980,10450
20990,10455
21000,10460
21010,10465
21020,10470
21030,10475
21040,10480
21050,10485
21060,10490
21070,10495
21080,10500
21090,10505
21100,10510
21110,10515
21120,10520
21130,10525
21140,10530
21150,10535
21160,10540
21170,10545
21180,10550
21190,10555
21200,10560
21210,10565
21220,10570
21230,10575
21240,10580
21250,10585
21260,10590
21270,10595
21280,10600
21290,10605
21300,10610
21310,10615
21320,10620
21330,10625
21340,10630
21350,10635
21360,10640
21370,10645
21380,10650
21390,10655
21400,10660
21410,10665
21420,10670
21430,10675
21440,10680
21450,10685
21460,10690
21470,10695
21480,10700
21490,10705
21500,10710
21510,10715
21520,10720
21530,10725
21540,10730
21550,10735
21560,10740
21570,10745
21580,10750
21590,10755
21600,10760
21610,10765
21620,10770
21630,10775
21640,10780
21650,10785
21660,10790
21670,10795
21680,10800
21690,10805
21700,10810
21710,10815
21720,10820
21730,10825
21740,10830
21750,10835
21760,10840
21770,10845
21780,10850
21790,10855
21800,10860
21810,10865
21820,10870
21830,10875
21840,10880
21850,10885
21860,10890
21870,10895
21880,10900
21890,10905
21900,10910
21910,10915
21920,10920
21930,10925
21940,10930
21950,10935
21960,10940
21970,10945
21980,10950
21990,10955
22000,10960
22010,10965
22020,10970
22030,10975
22040,10980
22050,10985
22060,10990
22070,10995
22080,11000
22090,11005
22100,11010
22110,11015
22120,11020
22130,11025
22140,11030
22150,11035
22160,11040
22170,11045
22180,11050
22190,11055
22200,11060
22210,11065
22220,11070
22230,11075
22240,11080
22250,11085
22260,11090
22270,11095
22280,11100
22290,11105
22300,11110
22310,11115
22320,11120
22330,11125
22340,11130
22350,11135
22360,11140
22370,11145
22380,11150
22390,11155
22400,11160
22410,11165
22420,11170
22430,11175
22440,11180
22450,11185
22460,11190
22470,11195
22480,11200
22490,11205
22500,11210
22510,11215
22520,11220
22530,11225
22540,11230
22550,11235
22560,11240
22570,11245
22580,11250
22590,11255
22600,11260
22610,11265
22620,11270
22630,11275
22640,11280
22650,11285
22660,11290
22670,11295
22680,11300
22690,11305
22700,11310
22710,11315
22720,11320
22730,11325
22740,11330
22750,11335
22760,11340
22770,11345
22780,11350
22790,11355
22800,11360
22810,11365
22820,11370
22830,11375
22840,11380
22850,11385
22860,11390
22870,11395
22880,11400
22890,11405
22900,11410
22910,11415
22920,11420
22930,11425
22940,11430
22950,11435
22960,11440
22970,11445
22980,11450
22990,11455
23000,11460
23010,11465
23020,11470
23030,11475
23040,11480
23050,11485
23060,11490
23070,11495
23080,11500
23090,11505
23100,11510
23110,11515
23120,11520
23130,11525
23140,11530
23150,11535
23160,11540
23170,11545
23180,11550
23190,11555
23200,11560
23210,11565
23220,11570
23230,11575
23240,11580
23250,11585
23260,11590
23270,11595
23280,11600
23290,11605
23300,11610
23310,11615
23320,11620
23330,11625
23340,11630
23350,11635
23360,11640
23370,11645
23380,11650
23390,11655
23400,11660
23410,11665
23420,11670
23430,11675
23440,11680
23450,11685
23460,11690
23470,11695
23480,11700
23490,11705
23500,11710
23510,11715
23520,11720
23530,11725
23540,11730
23550,11735
23560,11740
23570,11745
23580,11750
23590,11755
23600,11760
23610,11765
23620,11770
23630,11775
23640,11780
23650,11785
23660,11790
23670,11795
23680,11800
23690,11805
23700,11810
23710,11815
23720,11820
23730,11825
23740,11830
23750,11835
23760,11840
23770,11845
23780,11850
23790,11855
23800,11860
23810,11865
23820,11870
23830,11875
23840,11880
23850,11885
23860,11890
23870,11895
23880,11900
23890,11905
23900,11910
23910,11915
23920,11920
23930,11925
23940,11930
23950,11935
23960,11940
23970,11945
23980,11950
23990,11955
24000,11960
24010,11965
24020,11970
24030,11975
24040,11980
24050,11985
24060,11990
24070,11995
24080,12000
24090,12005
24100,12010
24110,12015
24120,12020
24130,12025
24140,12030
24150,12035
24160,12040
24170,12045
24180,12050
24190,12055
24200,12060
24210,12065
24220,12070
24230,12075
24240,12080
24250,12085
24260,12090
24270,12095
24280,12100
24290,12105
24300,12110
24310,12115
24320,12120
24330,12125
24340,12130
24350,12135
24360,12140
24370,12145
24380,12150
24390,12155
24400,12160
24410,12165
24420,12170
24430,12175
24440,12180
24450,12185
24460,12190
24470,12195
24480,12200
24490,12205
24500,12210
24510,12215
24520,12220
24530,12225
24540,12230
24550,12235
24560,12240
24570,12245
24580,12250
24590,12255
24600,12260
24610,12265
24620,12270
24630,12275
24640,12280
24650,12285
24660,12290
24670,12295
24680,12300
24690,12305
24700,12310
24710,12315
24720,12320
24730,12325
24740,12330
24750,12335
24760,12340
24770,12345
24780,12350
24790,12355
24800,12360
24810,12365
24820,12370
24830,12375
24840,12380
24850,12385
24860,12390
24870,12395
24880,12400
24890,12405
24900,12410
24910,12415
24920,12420
24930,12425
24940,12430
24950,12435
24960,12440
24970,12445
24980,12450
24990,12455
25000,12460
25010,12465
25020,12470
25030,12475
25040,12480
25050,12485
25060,12490
25070,12495
25080,12500
25090,12505
91
115
101
147
151
145
137
202
157
178
142
222
170
264
185
292
346
250
278
358
284
368
223
207
224
330
286
246
464
456
358
466
302
395
425
313
487
644
351
313
675
540
628
580
318
329
585
490
538
513
381
494
835
900
585
625
911
509
900
827
817
989
430
730
554
552
1033
452
1040
690
1135
562
770
514
1134
1031
1076
674
854
999
940
865
1061
1262
814
1334
1392
566
1336
1086
791
709
910
1294
917
901
1549
1334
1571
1085
881
1294
646
1409
1483
1643
875
1336
1351
1128
675
827
849
1472
1797
1181
1779
1795
1449
1291
889
1179
821
748
1515
862
1040
1914
1831
1549
1260
1821
1004
1922
817
1538
2075
1420
2044
1316
1207
2144
954
1472
913
1419
822
828
1803
857
1943
865
1222
1705
1132
1920
1055
1179
1183
961
2378
1183
912
1577
2424
1147
1942
2007
1695
2549
1613
1480
2388
1027
1142
1174
2380
1266
1813
1967
1459
2808
2737
1639
2211
2026
2870
1779
1641
1250
2869
2738
1955
2140
2750
2343
2778
2766
1703
1755
2861
1875
1759
1692
3125
1980
3083
2014
3024
2252
3116
2917
1536
2554
2835
2572
1846
2511
2449
3225
2431
2348
2123
1940
2383
2018
2712
2077
1585
1746
2081
3167
1622
1297
1752
3591
3508
3495
1303
1645
2474
2355
1595
1623
3613
1810
3459
2822
3523
2131
1914
3566
2056
2826
2361
3439
2062
1722
2046
3949
2751
1901
1935
3969
3103
1518
2222
1564
3976
3775
3918
3900
3319
2731
1541
3300
2731
1645
1491
1648
1663
2423
4206
3664
1720
2709
2938
3487
1837
3546
3154
4240
4481
2890
3777
2767
2293
2380
2068
3489
3084
4529
2848
4446
2895
3208
3306
1738
4340
3077
4142
2428
4080
2942
3901
2668
2706
3446
4514
4480
3509
1992
4440
4701
3870
2764
3608
3715
3373
2208
1986
2359
2569
3971
2501
1857
2198
2024
3384
3841
3320
2310
3282
4728
5196
2404
5285
4932
3443
1841
2249
3562
4657
2134
1987
4631
3341
2494
3330
1893
3673
3493
3898
5273
5158
2694
2323
4200
4523
5044
3194
2334
5248
5615
3860
2034
3905
2246
4475
5736
2624
3431
3711
4804
3969
2391
5766
2224
3308
3680
4562
4798
3705
2209
5822
5533
4712
5663
5460
4262
5243
4475
2358
5067
2582
3735
5666
4021
2989
2141
4688
4621
6238
5617
4469
4211
5290
6295
5155
4090
6335
5953
5838
6021
3277
6072
6077
4169
5664
6400
2683
6145
3427
4145
4927
6182
5408
4653
4372
6197
4051
2329
2430
4443
2954
6749
2930
3920
5272
4360
5482
4654
4989
4052
5183
4160
3086
5600
5511
5920
4306
5240
3712
4323
5833
4651
5954
3536
5381
6111
3136
5586
5137
2503
5452
4506
3648
7133
6814
7144
6815
5248
4397
6004
4423
5890
7229
2993
2823
5848
6970
2836
4314
4699
4905
6353
2619
3815
6011
4759
6824
3935
4156
6010
4888
3732
3686
6177
6122
7019
5752
2742
5223
4380
3023
5893
3079
7347
6442
4642
5248
4880
3684
6906
3826
6452
5164
6065
5622
6424
3566
7501
7866
2843
4999
7167
6793
5895
7749
6175
6352
7037
4322
6830
6257
2972
4965
7476
3410
5075
6414
7899
6579
3150
3659
4364
7136
4206
5015
3808
6271
4204
4487
3150
7540
5005
8358
5101
5883
5704
5957
4227
8299
6778
8611
3362
4571
7049
4960
8689
8436
3445
5939
8120
6005
6537
7233
6558
7373
8669
7596
6517
6515
8551
4067
4944
6109
8158
6690
5492
5277
7218
5232
7702
7901
8785
5932
8935
7076
4077
6127
7408
7078
8449
6573
8063
4416
3909
6725
8029
8926
8919
5341
4111
4807
8522
5652
4430
4904
5749
5579
3889
6644
5399
4004
7189
7868
3935
5910
8870
5170
6239
4717
6636
6058
8899
8070
4947
5549
7877
4517
8382
3577
5963
4857
6950
4498
5596
8365
5875
5136
9953
7063
4989
3562
6628
6437
8828
6137
9297
3756
4838
6150
9393
5648
6073
5301
6037
4939
9785
10153
8697
3841
4202
7505
4228
5599
4278
4877
4234
6696
8862
10427
7754
10408
10273
6588
4963
3982
4390
10027
8192
7760
4239
6398
4034
10129
10553
6360
10093
7799
9106
7952
6889
6713
7486
8404
5557
9716
7658
9082
4683
8784
8117
7955
5088
10525
7319
8715
8596
7294
4635
7493
10334
10850
7635
6716
7247
7375
7882
8486
6275
7557
6437
6160
7823
5554
4940
10240
5689
4840
6531
6141
6501
4317
6880
9062
5285
9370
10689
9507
5776
7725
8194
9446
6470
11504
8716
6032
9389
5474
4777
7668
5024
7021
7687
4964
5922
11722
9659
10863
6816
7808
11062
10531
4748
9512
6055
11756
9146
7231
4151
7636
8959
8421
4339
11437
9924
6904
8958
7950
11667
5062
8456
8497
11767
6732
4216
9280
8099
6938
11441
4213
4694
11602
9918
9724
7175
6151
6523
7727
5516
5189
7374
9646
7468
7550
12474
6316
11444
9461
9515
7506
9665
11248
9484
11300
9167
10630
5824
12208
9664
5697
4960
10730
10876
9768
5142
10515
4975
4498
4686
4404
10254
11584
6535
9862
9946
11100
8335
7135
9699
8967
7410
8211
10995
7068
9925
7967
10491
8886
8791
9662
7488
9354
12763
5415
5234
12556
12498
10991
5920
11700
10223
7471
9770
10370
4553
5114
8608
8263
6524
13307
5926
10124
4717
5281
11188
9927
7237
8885
13370
6078
7026
5189
5393
8562
6267
5820
7103
6669
5822
10442
12587
9533
7898
11813
9671
6367
11641
6474
11320
7225
12084
6616
4745
11349
6105
12315
11698
6566
11325
9239
10320
8738
9180
10833
13006
11739
8085
8141
12513
8323
6880
4814
11986
5039
9846
10016
12409
13826
13112
12165
12475
7521
5912
4930
8058
10777
10009
11706
10758
5122
6878
9617
7885
13435
10657
10169
8106
11917
5290
10298
11382
5031
8426
11850
5683
9147
7473
5255
10976
7733
6260
8521
10621
7351
13342
13254
9940
11984
13850
6578
8127
12836
6524
13879
12573
12424
8740
7649
14089
6421
9468
14707
10557
10032
9550
10288
14730
10952
7577
11299
13057
13391
14049
9052
10682
10402
14254
6449
9184
7297
8559
7640
10072
8498
14223
15401
13614
13649
10353
15527
6951
7185
10450
8989
13067
10097
11740
13377
5675
12291
14240
12618
14077
11066
12168
15456
6179
7023
12560
15217
15070
15572
7781
5372
6815
14497
7179
10340
7788
12970
8583
12170
8795
14976
12555
10221
15115
5460
15870
8439
12821
15693
8912
7336
9107
15827
8112
5598
14497
8812
16032
14211
9149
11977
15451
16280
13429
16146
7187
9926
5689
8151
15058
11260
13112
8882
10654
16398
12566
5665
10151
14674
15143
13417
7219
6385
9819
11121
11309
5810
11845
7589
7971
6060
14923
13326
12113
11726
7130
7913
15947
14921
13621
13610
13861
13196
9092
11633
8565
7339
12124
13776
11225
7071
13479
7647
7785
12772
15270
17095
9483
11807
6131
12380
8945
12852
13398
11021
7825
10750
6839
12189
14991
14857
15551
15984
5931
13143
16322
7182
16262
8600
11377
7162
15110
10455
7500
14002
14632
10679
15591
16041
12119
14322
15218
6240
17435
15015
16102
7930
12936
17008
11025
11155
14815
14433
8857
14911
16874
8407
10646
11715
8866
17850
17344
17827
16320
11273
15576
7065
17941
17349
17681
10262
16808
6802
10140
10787
8730
12898
8899
11388
11676
10587
9914
18243
15910
9415
13507
10923
7738
14720
16042
15057
11756
13437
15869
8857
12031
18212
10592
9119
7169
8278
11835
11255
16317
11519
14024
11725
12432
8863
11219
14592
14787
16320
7099
15470
17540
16436
11686
17901
10522
16103
14505
9839
10468
17955
13196
15053
15519
7169
9914
13583
11520
17004
16285
15431
9025
8047
18918
13692
17697
8883
11020
9669
11454
13070
13208
18859
14565
14334
11022
19019
11519
14791
9622
12146
9209
17596
9585
15298
13642
18631
7332
11855
13822
16949
10794
9377
13394
16987
18160
9068
10895
16717
17370
17843
10830
14390
8435
15144
14474
10602
17567
12206
16920
9283
9764
6867
19391
14751
13892
11008
8142
8943
7243
10881
12999
9982
9062
12512
8661
15659
9050
8499
13902
8949
20177
8471
16725
9818
15303
11559
7269
7203
17945
12401
9189
16152
18234
17348
7021
17531
9111
11806
12289
18179
19248
12498
13652
10319
12766
19677
8326
19124
20178
14383
10123
9814
19864
19281
8266
10056
20458
11390
13294
12002
19232
12893
13415
15790
11036
16018
16104
11141
14225
8119
8621
16396
18165
19209
7609
18806
20226
8642
7190
8533
8429
10314
16084
15523
12719
21058
8361
13109
17079
14373
20570
14691
10426
19769
12430
9215
9851
10639
19274
12569
12275
10088
12392
14108
14078
12709
20381
21530
8001
15298
14946
10874
16385
15270
7307
18846
16275
17073
10857
12698
16585
12185
14018
19030
18102
11053
17872
12952
10879
20447
15917
9006
8621
15015
10383
9479
14269
15480
13376
17430
15749
19199
16819
14233
19214
8138
7548
13923
13334
17295
8606
16835
9942
9803
15086
17133
16971
21562
11961
12659
17803
21239
17702
8665
20599
14955
10692
17157
11879
10254
14932
20535
14323
13641
20238
17637
14155
18241
15124
14410
19756
14492
18373
8022
9710
20769
21724
10620
11526
17252
7808
10780
21290
12308
9876
14694
18653
9032
14855
15218
16434
11681
12407
14073
11644
18021
21652
12995
12168
9113
15944
10068
18268
18084
13948
14601
9092
9415
13672
9067
13490
8076
17005
17877
9503
23133
17411
13929
11331
22106
8561
22726
18093
22475
16702
16349
11941
8722
19226
12290
13397
18577
20477
19367
13536
14700
9966
8215
14588
11125
11726
9612
14943
16518
18389
8498
17187
13449
18429
16816
12507
8135
11535
22764
12053
10967
22622
8407
11565
21328
22844
22041
23396
22434
9868
15841
14615
19375
16731
19706
17050
20765
19458
10115
23113
21307
18558
21574
22786
8842
15475
23550
22358
20796
24123
23223
12497
22553
11622
13359
17695
15605
11675
22775
11679
11089
13695
13609
15360
19788
9318
9622
24386
10276
15780
8964
15172
10677
22869
9223
19159
23444
23460
19573
17031
18298
19923
11072
24434
19204
21617
18683
8849
22762
16624
20248
21228
9916
15169
20039
13070
23831
11463
15099
12781
9650
16630
21191
11138
14972
23213
17322
16939
8894
13471
21826
13199
16221
10708
11095
19301
12075
22446
10554
12332
15286
23003
22006
11987
21512
13571
8707
10193
17023
13372
20399
22885
18296
19678
17882
19398
9142
20389
22570
24233
23430
17454
23902
13852
22833
19912
20228
11147
13995
15813
14675
9774
15850
25125
9924
8758
25626
23722
9129
24653
8943
8920
15787
10700
10804
15409
22291
18126
24288
12014
25642
18860
19846
11873
18620
23605
22099
25038
25118
17054
24176
23157
24626
26167
18748
17032
19793
14448
19596
23451
21319
26435
22964
24361
11671
11111
9047
17098
17052
11509
11781
19509
11660
11205
9402
13651
19186
22813
11662
20912
11101
19369
23146
10306
13916
17274
21699
18236
18080
20238
19259
20329
13817
17652
20831
24646
12536
26728
21450
17047
18099
20792
20604
26723
13577
17105
23351
16426
25755
16637
22696
23847
18079
10750
21620
21157
9709
9757
22718
26885
25023
13418
17637
18309
24462
17819
10149
20329
17783
12851
18738
12048
14727
10909
14738
16513
26513
23059
13604
22167
26684
23859
21507
25710
9995
18430
12583
13128
21730
25774
19033
9530
12317
12227
23742
25453
24760
17464
22525
20553
10911
14327
13422
12603
26798
24377
12649
25603
14754
26996
10104
11193
16212
20873
10731
24159
26534
23865
23598
23323
23219
11381
17387
27157
18617
10220
26994
16858
14678
15414
19601
15792
13895
13461
15097
15850
10886
13329
14719
17443
9849
26378
17846
10875
18976
25560
24882
15438
23692
14450
16024
12597
20092
17750
11095
20559
25377
14012
14543
16893
20025
28553
11547
15222
12738
12788
18765
28389
26457
18058
27116
22346
23892
19254
22287
14556
28238
15215
14364
19503
15256
17292
21141
25347
16968
25494
17446
19121
15268
14047
16058
16171
10790
20352
13630
18026
19466
23219
12430
24053
19798
24370
20665
18189
24621
11405
12989
15120
10458
13778
22685
12022
11083
15869
11034
19356
29126
15251
18062
22649
13471
10004
19843
11390
24951
21866
27282
12815
21880
13584
20650
17613
28898
16799
24535
27144
12637
10347
11796
23072
21628
23244
24010
27416
24431
21264
19442
26970
24389
10994
15653
15804
23055
19143
22279
18226
12864
19337
21570
15737
23324
26730
29967
11375
14263
13995
19616
26016
25717
19239
29097
12379
23000
25572
19758
23621
29812
11043
21116
20416
11034
25121
29748
11582
28990
16851
13711
23333
29964
15211
19187
11501
23949
10381
27867
14440
19196
24228
26752
30656
20241
16136
27671
20240
11418
23339
17671
27827
11173
20984
18803
16718
20657
30112
15493
23321
17507
27013
16030
19998
13400
18253
25651
12239
21288
15205
16711
25453
24565
23849
30800
30604
30924
17644
11202
30497
29178
28024
27583
22665
28833
13163
12267
18240
27002
21375
24453
30050
14635
13189
13608
16861
12203
12531
30606
11556
15184
14877
24394
13834
31054
21597
12123
24479
24200
18203
14174
13681
14784
25968
25447
23420
24390
22509
19448
31440
28719
11138
31003
22053
28788
25013
13601
22841
31929
18360
30478
12762
26786
24038
26327
20819
11364
18490
30535
13629
17620
25655
12373
21698
14593
13306
13934
26895
24279
29464
23282
15823
16781
15825
18426
12840
24448
27692
30869
31533
30278
21309
16260
30541
28315
22491
28146
31704
13656
29587
27753
16508
21790
20090
20622
31100
27926
24018
19539
27777
27735
21711
32352
16308
32137
14010
11491
17761
24346
19555
18134
28629
31625
18313
11204
12300
26219
17624
15076
26588
20761
17122
22476
30268
30195
32543
25269
17068
13050
31634
25333
25494
32848
19652
18002
21893
18800
20439
29536
27030
23304
19689
14833
32395
16873
33202
18601
21542
22257
24059
15645
25751
25976
16451
20633
12281
16451
17086
24035
22785
25719
33505
25382
25184
17329
20485
14452
24338
26899
13074
13026
32736
33935
27962
13603
12490
13287
15022
21796
20530
32638
14446
18904
13414
13270
29425
13245
21161
24087
14390
17508
33392
18007
33519
15768
21946
33216
16801
17360
32200
16553
17741
29255
17852
17642
31327
28060
31917
33929
11621
30751
26358
28062
23596
21145
11721
21169
21807
26620
22029
32132
22443
23644
30458
20620
20698
25187
16787
31452
22436
34752
21993
22294
14940
25197
24673
32687
13651
30119
22554
15925
29236
17103
19750
32135
24531
29850
31752
18097
33104
24657
31220
34761
21327
19625
17375
32749
33560
33885
29608
27264
21589
33246
19787
23224
31474
22019
27348
24414
26258
29960
12086
28294
22442
19187
18189
32082
17938
27700
26339
32204
17844
30329
34344
14315
22647
31069
29589
27429
29373
17594
18729
15219
17988
31524
19868
34627
17605
34821
31891
34166
18077
34667
22657
28119
24559
17377
25853
28109
31139
20295
33094
23144
32610
16440
27366
14659
21918
30792
25722
13994
32293
19998
13285
25940
18572
21594
23500
34552
18787
34540
34666
34708
15663
28259
31263
15881
13516
27696
25156
30955
18424
23456
13025
33318
35011
35034
14736
12451
17651
35902
34300
19313
25739
26603
24190
19974
12667
28805
19837
15243
33559
19715
25938
33289
23926
24618
17135
19940
24744
12565
17397
24715
13872
23115
34521
25823
34546
22074
30592
13379
30986
12831
28127
14882
33806
16597
29029
32300
29829
16533
15175
21818
16168
33000
13345
32593
18652
36585
36968
17560
19335
16893
13183
29685
19285
15960
14099
