# Primero viene la cantidad (n) de timestamps para ambos, luego n líneas que son un timestamp aproximado cada uno separado por una coma (',') del error, y luego n lineas de las transacciones del sospechoso
500
100,10
110,15
120,20
130,25
140,30
150,35
160,40
170,45
180,50
190,55
200,60
210,65
220,70
230,75
240,80
250,85
260,90
270,95
280,100
290,105
300,110
310,115
320,120
330,125
340,130
350,135
360,140
370,145
380,150
390,155
400,160
410,165
420,170
430,175
440,180
450,185
460,190
470,195
480,200
490,205
500,210
510,215
520,220
530,225
540,230
550,235
560,240
570,245
580,250
590,255
600,260
610,265
620,270
630,275
640,280
650,285
660,290
670,295
680,300
690,305
700,310
710,315
720,320
730,325
740,330
750,335
760,340
770,345
780,350
790,355
800,360
810,365
820,370
830,375
840,380
850,385
860,390
870,395
880,400
890,405
900,410
910,415
920,420
930,425
940,430
950,435
960,440
970,445
980,450
990,455
1000,460
1010,465
1020,470
1030,475
1040,480
1050,485
1060,490
1070,495
1080,500
1090,505
1100,510
1110,515
1120,520
1130,525
1140,530
1150,535
1160,540
1170,545
1180,550
1190,555
1200,560
1210,565
1220,570
1230,575
1240,580
1250,585
1260,590
1270,595
1280,600
1290,605
1300,610
1310,615
1320,620
1330,625
1340,630
1350,635
1360,640
1370,645
1380,650
1390,655
1400,660
1410,665
1420,670
1430,675
1440,680
1450,685
1460,690
1470,695
1480,700
1490,705
1500,710
1510,715
1520,720
1530,725
1540,730
1550,735
1560,740
1570,745
1580,750
1590,755
1600,760
1610,765
1620,770
1630,775
1640,780
1650,785
1660,790
1670,795
1680,800
1690,805
1700,810
1710,815
1720,820
1730,825
1740,830
1750,835
1760,840
1770,845
1780,850
1790,855
1800,860
1810,865
1820,870
1830,875
1840,880
1850,885
1860,890
1870,895
1880,900
1890,905
1900,910
1910,915
1920,920
1930,925
1940,930
1950,935
1960,940
1970,945
1980,950
1990,955
2000,960
2010,965
2020,970
2030,975
2040,980
2050,985
2060,990
2070,995
2080,1000
2090,1005
2100,1010
2110,1015
2120,1020
2130,1025
2140,1030
2150,1035
2160,1040
2170,1045
2180,1050
2190,1055
2200,1060
2210,1065
2220,1070
2230,1075
2240,1080
2250,1085
2260,1090
2270,1095
2280,1100
2290,1105
2300,1110
2310,1115
2320,1120
2330,1125
2340,1130
2350,1135
2360,1140
2370,1145
2380,1150
2390,1155
2400,1160
2410,1165
2420,1170
2430,1175
2440,1180
2450,1185
2460,1190
2470,1195
2480,1200
2490,1205
2500,1210
2510,1215
2520,1220
2530,1225
2540,1230
2550,1235
2560,1240
2570,1245
2580,1250
2590,1255
2600,1260
2610,1265
2620,1270
2630,1275
2640,1280
2650,1285
2660,1290
2670,1295
2680,1300
2690,1305
2700,1310
2710,1315
2720,1320
2730,1325
2740,1330
2750,1335
2760,1340
2770,1345
2780,1350
2790,1355
2800,1360
2810,1365
2820,1370
2830,1375
2840,1380
2850,1385
2860,1390
2870,1395
2880,1400
2890,1405
2900,1410
2910,1415
2920,1420
2930,1425
2940,1430
2950,1435
2960,1440
2970,1445
2980,1450
2990,1455
3000,1460
3010,1465
3020,1470
3030,1475
3040,1480
3050,1485
3060,1490
3070,1495
3080,1500
3090,1505
3100,1510
3110,1515
3120,1520
3130,1525
3140,1530
3150,1535
3160,1540
3170,1545
3180,1550
3190,1555
3200,1560
3210,1565
3220,1570
3230,1575
3240,1580
3250,1585
3260,1590
3270,1595
3280,1600
3290,1605
3300,1610
3310,1615
3320,1620
3330,1625
3340,1630
3350,1635
3360,1640
3370,1645
3380,1650
3390,1655
3400,1660
3410,1665
3420,1670
3430,1675
3440,1680
3450,1685
3460,1690
3470,1695
3480,1700
3490,1705
3500,1710
3510,1715
3520,1720
3530,1725
3540,1730
3550,1735
3560,1740
3570,1745
3580,1750
3590,1755
3600,1760
3610,1765
3620,1770
3630,1775
3640,1780
3650,1785
3660,1790
3670,1795
3680,1800
3690,1805
3700,1810
3710,1815
3720,1820
3730,1825
3740,1830
3750,1835
3760,1840
3770,1845
3780,1850
3790,1855
3800,1860
3810,1865
3820,1870
3830,1875
3840,1880
3850,1885
3860,1890
3870,1895
3880,1900
3890,1905
3900,1910
3910,1915
3920,1920
3930,1925
3940,1930
3950,1935
3960,1940
3970,1945
3980,1950
3990,1955
4000,1960
4010,1965
4020,1970
4030,1975
4040,1980
4050,1985
4060,1990
4070,1995
4080,2000
4090,2005
4100,2010
4110,2015
4120,2020
4130,2025
4140,2030
4150,2035
4160,2040
4170,2045
4180,2050
4190,2055
4200,2060
4210,2065
4220,2070
4230,2075
4240,2080
4250,2085
4260,2090
4270,2095
4280,2100
4290,2105
4300,2110
4310,2115
4320,2120
4330,2125
4340,2130
4350,2135
4360,2140
4370,2145
4380,2150
4390,2155
4400,2160
4410,2165
4420,2170
4430,2175
4440,2180
4450,2185
4460,2190
4470,2195
4480,2200
4490,2205
4500,2210
4510,2215
4520,2220
4530,2225
4540,2230
4550,2235
4560,2240
4570,2245
4580,2250
4590,2255
4600,2260
4610,2265
4620,2270
4630,2275
4640,2280
4650,2285
4660,2290
4670,2295
4680,2300
4690,2305
4700,2310
4710,2315
4720,2320
4730,2325
4740,2330
4750,2335
4760,2340
4770,2345
4780,2350
4790,2355
4800,2360
4810,2365
4820,2370
4830,2375
4840,2380
4850,2385
4860,2390
4870,2395
4880,2400
4890,2405
4900,2410
4910,2415
4920,2420
4930,2425
4940,2430
4950,2435
4960,2440
4970,2445
4980,2450
4990,2455
5000,2460
5010,2465
5020,2470
5030,2475
5040,2480
5050,2485
5060,2490
5070,2495
5080,2500
5090,2505
103
121
107
139
167
125
131
129
227
201
156
248
233
288
223
243
251
343
319
194
276
361
264
338
439
287
273
388
231
390
467
517
285
401
456
478
270
484
660
332
466
467
429
517
514
315
606
393
633
642
368
605
627
414
389
778
403
558
776
951
850
914
421
443
1058
1062
936
938
959
1015
1065
1072
1115
597
697
619
793
677
660
694
1146
926
764
584
1084
1315
901
553
890
1232
1045
1275
1057
1186
1035
1497
1059
1526
1029
887
842
1052
1621
1450
1641
1424
972
920
1543
1099
1644
1404
1474
863
1102
1431
1056
1231
995
1871
953
1156
1022
891
929
861
1684
1269
1079
823
770
1456
1971
1256
1497
1685
1594
1078
1114
1312
1225
904
1987
1788
2123
1052
1037
1505
1159
1555
1363
1157
958
2095
2355
2028
2387
1246
1365
2065
1413
2099
951
1610
1429
1050
1528
1507
1775
1264
1705
1765
2429
2625
2334
2112
1495
1544
1890
1904
2809
1094
1537
1395
2526
2700
2141
2065
1719
1805
1282
1744
2127
1483
2333
1554
1899
2829
2781
2556
1416
2246
2924
3115
1832
2806
1240
1348
1646
2135
2218
1887
2293
1823
1980
2168
2366
1903
3019
2810
2810
1341
1940
3261
3305
2874
1705
3307
2837
1837
3101
1828
2998
3196
2479
1520
2985
2541
1392
3413
3305
1605
1600
1494
3691
1678
3291
2611
3467
2689
3573
3773
2141
3618
2389
2321
3398
3911
2645
3688
3076
3153
2097
2888
2522
3287
2710
3939
2536
2889
1522
3887
3536
1819
3764
3478
1534
2591
3498
3136
1938
2610
4332
4031
3571
2027
3835
2843
2231
2666
3563
1834
4347
4445
4006
3165
1637
1806
3139
2470
3627
1813
2768
3753
2472
2642
4607
3206
3854
2936
3028
3503
2902
2000
2609
3572
3738
3692
1760
2794
1961
3964
2081
4391
4436
1806
2407
1916
2244
2014
2425
2581
2985
2512
3221
4661
4891
1939
3681
2876
4692
3922
4544
1853
3660
3737
2340
2834
3299
5219
2941
3788
2557
3770
2636
2044
3549
3695
5025
3837
4502
2570
5310
3035
2121
2062
5055
2980
3968
5389
3553
5184
5526
2274
3233
3342
2713
5300
5767
5208
4025
5757
3044
2111
2697
2171
4730
4516
3404
5089
3098
4948
2624
5373
3851
5292
3380
5120
4825
4879
3465
3066
6113
4424
2626
4760
4216
4603
6215
2892
5466
3937
2188
4704
4031
3125
2558
5668
2212
4404
3747
3822
2367
5624
4496
3846
3391
3596
2658
5279
5089
2896
6371
3935
4859
5751
4481
2932
4818
5423
4104
4833
4034
5596
5481
6142
4303
4943
3243
2626
3019
3344
6503
3965
5305
3655
3863
2578
6314
3189
4443
5090
2775
3613
5537
5303
4576
4376
4665
4277
6756
2636
2735
3629
2995
3773
3784
3021
3232
3974
6047
6097
3683
4592
4159
5413
7083
2708
4982
6775
7112
6357
6006
5003
6820
6407
4698
7181
7421
7098
