# Primero viene la cantidad (n) de timestamps para ambos, luego n líneas que son un timestamp aproximado cada uno separado por una coma (',') del error, y luego n lineas de las transacciones del sospechoso
5000
100,10
110,15
120,20
130,25
140,30
150,35
160,40
170,45
180,50
190,55
200,60
210,65
220,70
230,75
240,80
250,85
260,90
270,95
280,100
290,105
300,110
310,115
320,120
330,125
340,130
350,135
360,140
370,145
380,150
390,155
400,160
410,165
420,170
430,175
440,180
450,185
460,190
470,195
480,200
490,205
500,210
510,215
520,220
530,225
540,230
550,235
560,240
570,245
580,250
590,255
600,260
610,265
620,270
630,275
640,280
650,285
660,290
670,295
680,300
690,305
700,310
710,315
720,320
730,325
740,330
750,335
760,340
770,345
780,350
790,355
800,360
810,365
820,370
830,375
840,380
850,385
860,390
870,395
880,400
890,405
900,410
910,415
920,420
930,425
940,430
950,435
960,440
970,445
980,450
990,455
1000,460
1010,465
1020,470
1030,475
1040,480
1050,485
1060,490
1070,495
1080,500
1090,505
1100,510
1110,515
1120,520
1130,525
1140,530
1150,535
1160,540
1170,545
1180,550
1190,555
1200,560
1210,565
1220,570
1230,575
1240,580
1250,585
1260,590
1270,595
1280,600
1290,605
1300,610
1310,615
1320,620
1330,625
1340,630
1350,635
1360,640
1370,645
1380,650
1390,655
1400,660
1410,665
1420,670
1430,675
1440,680
1450,685
1460,690
1470,695
1480,700
1490,705
1500,710
1510,715
1520,720
1530,725
1540,730
1550,735
1560,740
1570,745
1580,750
1590,755
1600,760
1610,765
1620,770
1630,775
1640,780
1650,785
1660,790
1670,795
1680,800
1690,805
1700,810
1710,815
1720,820
1730,825
1740,830
1750,835
1760,840
1770,845
1780,850
1790,855
1800,860
1810,865
1820,870
1830,875
1840,880
1850,885
1860,890
1870,895
1880,900
1890,905
1900,910
1910,915
1920,920
1930,925
1940,930
1950,935
1960,940
1970,945
1980,950
1990,955
2000,960
2010,965
2020,970
2030,975
2040,980
2050,985
2060,990
2070,995
2080,1000
2090,1005
2100,1010
2110,1015
2120,1020
2130,1025
2140,1030
2150,1035
2160,1040
2170,1045
2180,1050
2190,1055
2200,1060
2210,1065
2220,1070
2230,1075
2240,1080
2250,1085
2260,1090
2270,1095
2280,1100
2290,1105
2300,1110
2310,1115
2320,1120
2330,1125
2340,1130
2350,1135
2360,1140
2370,1145
2380,1150
2390,1155
2400,1160
2410,1165
2420,1170
2430,1175
2440,1180
2450,1185
2460,1190
2470,1195
2480,1200
2490,1205
2500,1210
2510,1215
2520,1220
2530,1225
2540,1230
2550,1235
2560,1240
2570,1245
2580,1250
2590,1255
2600,1260
2610,1265
2620,1270
2630,1275
2640,1280
2650,1285
2660,1290
2670,1295
2680,1300
2690,1305
2700,1310
2710,1315
2720,1320
2730,1325
2740,1330
2750,1335
2760,1340
2770,1345
2780,1350
2790,1355
2800,1360
2810,1365
2820,1370
2830,1375
2840,1380
2850,1385
2860,1390
2870,1395
2880,1400
2890,1405
2900,1410
2910,1415
2920,1420
2930,1425
2940,1430
2950,1435
2960,1440
2970,1445
2980,1450
2990,1455
3000,1460
3010,1465
3020,1470
3030,1475
3040,1480
3050,1485
3060,1490
3070,1495
3080,1500
3090,1505
3100,1510
3110,1515
3120,1520
3130,1525
3140,1530
3150,1535
3160,1540
3170,1545
3180,1550
3190,1555
3200,1560
3210,1565
3220,1570
3230,1575
3240,1580
3250,1585
3260,1590
3270,1595
3280,1600
3290,1605
3300,1610
3310,1615
3320,1620
3330,1625
3340,1630
3350,1635
3360,1640
3370,1645
3380,1650
3390,1655
3400,1660
3410,1665
3420,1670
3430,1675
3440,1680
3450,1685
3460,1690
3470,1695
3480,1700
3490,1705
3500,1710
3510,1715
3520,1720
3530,1725
3540,1730
3550,1735
3560,1740
3570,1745
3580,1750
3590,1755
3600,1760
3610,1765
3620,1770
3630,1775
3640,1780
3650,1785
3660,1790
3670,1795
3680,1800
3690,1805
3700,1810
3710,1815
3720,1820
3730,1825
3740,1830
3750,1835
3760,1840
3770,1845
3780,1850
3790,1855
3800,1860
3810,1865
3820,1870
3830,1875
3840,1880
3850,1885
3860,1890
3870,1895
3880,1900
3890,1905
3900,1910
3910,1915
3920,1920
3930,1925
3940,1930
3950,1935
3960,1940
3970,1945
3980,1950
3990,1955
4000,1960
4010,1965
4020,1970
4030,1975
4040,1980
4050,1985
4060,1990
4070,1995
4080,2000
4090,2005
4100,2010
4110,2015
4120,2020
4130,2025
4140,2030
4150,2035
4160,2040
4170,2045
4180,2050
4190,2055
4200,2060
4210,2065
4220,2070
4230,2075
4240,2080
4250,2085
4260,2090
4270,2095
4280,2100
4290,2105
4300,2110
4310,2115
4320,2120
4330,2125
4340,2130
4350,2135
4360,2140
4370,2145
4380,2150
4390,2155
4400,2160
4410,2165
4420,2170
4430,2175
4440,2180
4450,2185
4460,2190
4470,2195
4480,2200
4490,2205
4500,2210
4510,2215
4520,2220
4530,2225
4540,2230
4550,2235
4560,2240
4570,2245
4580,2250
4590,2255
4600,2260
4610,2265
4620,2270
4630,2275
4640,2280
4650,2285
4660,2290
4670,2295
4680,2300
4690,2305
4700,2310
4710,2315
4720,2320
4730,2325
4740,2330
4750,2335
4760,2340
4770,2345
4780,2350
4790,2355
4800,2360
4810,2365
4820,2370
4830,2375
4840,2380
4850,2385
4860,2390
4870,2395
4880,2400
4890,2405
4900,2410
4910,2415
4920,2420
4930,2425
4940,2430
4950,2435
4960,2440
4970,2445
4980,2450
4990,2455
5000,2460
5010,2465
5020,2470
5030,2475
5040,2480
5050,2485
5060,2490
5070,2495
5080,2500
5090,2505
5100,2510
5110,2515
5120,2520
5130,2525
5140,2530
5150,2535
5160,2540
5170,2545
5180,2550
5190,2555
5200,2560
5210,2565
5220,2570
5230,2575
5240,2580
5250,2585
5260,2590
5270,2595
5280,2600
5290,2605
5300,2610
5310,2615
5320,2620
5330,2625
5340,2630
5350,2635
5360,2640
5370,2645
5380,2650
5390,2655
5400,2660
5410,2665
5420,2670
5430,2675
5440,2680
5450,2685
5460,2690
5470,2695
5480,2700
5490,2705
5500,2710
5510,2715
5520,2720
5530,2725
5540,2730
5550,2735
5560,2740
5570,2745
5580,2750
5590,2755
5600,2760
5610,2765
5620,2770
5630,2775
5640,2780
5650,2785
5660,2790
5670,2795
5680,2800
5690,2805
5700,2810
5710,2815
5720,2820
5730,2825
5740,2830
5750,2835
5760,2840
5770,2845
5780,2850
5790,2855
5800,2860
5810,2865
5820,2870
5830,2875
5840,2880
5850,2885
5860,2890
5870,2895
5880,2900
5890,2905
5900,2910
5910,2915
5920,2920
5930,2925
5940,2930
5950,2935
5960,2940
5970,2945
5980,2950
5990,2955
6000,2960
6010,2965
6020,2970
6030,2975
6040,2980
6050,2985
6060,2990
6070,2995
6080,3000
6090,3005
6100,3010
6110,3015
6120,3020
6130,3025
6140,3030
6150,3035
6160,3040
6170,3045
6180,3050
6190,3055
6200,3060
6210,3065
6220,3070
6230,3075
6240,3080
6250,3085
6260,3090
6270,3095
6280,3100
6290,3105
6300,3110
6310,3115
6320,3120
6330,3125
6340,3130
6350,3135
6360,3140
6370,3145
6380,3150
6390,3155
6400,3160
6410,3165
6420,3170
6430,3175
6440,3180
6450,3185
6460,3190
6470,3195
6480,3200
6490,3205
6500,3210
6510,3215
6520,3220
6530,3225
6540,3230
6550,3235
6560,3240
6570,3245
6580,3250
6590,3255
6600,3260
6610,3265
6620,3270
6630,3275
6640,3280
6650,3285
6660,3290
6670,3295
6680,3300
6690,3305
6700,3310
6710,3315
6720,3320
6730,3325
6740,3330
6750,3335
6760,3340
6770,3345
6780,3350
6790,3355
6800,3360
6810,3365
6820,3370
6830,3375
6840,3380
6850,3385
6860,3390
6870,3395
6880,3400
6890,3405
6900,3410
6910,3415
6920,3420
6930,3425
6940,3430
6950,3435
6960,3440
6970,3445
6980,3450
6990,3455
7000,3460
7010,3465
7020,3470
7030,3475
7040,3480
7050,3485
7060,3490
7070,3495
7080,3500
7090,3505
7100,3510
7110,3515
7120,3520
7130,3525
7140,3530
7150,3535
7160,3540
7170,3545
7180,3550
7190,3555
7200,3560
7210,3565
7220,3570
7230,3575
7240,3580
7250,3585
7260,3590
7270,3595
7280,3600
7290,3605
7300,3610
7310,3615
7320,3620
7330,3625
7340,3630
7350,3635
7360,3640
7370,3645
7380,3650
7390,3655
7400,3660
7410,3665
7420,3670
7430,3675
7440,3680
7450,3685
7460,3690
7470,3695
7480,3700
7490,3705
7500,3710
7510,3715
7520,3720
7530,3725
7540,3730
7550,3735
7560,3740
7570,3745
7580,3750
7590,3755
7600,3760
7610,3765
7620,3770
7630,3775
7640,3780
7650,3785
7660,3790
7670,3795
7680,3800
7690,3805
7700,3810
7710,3815
7720,3820
7730,3825
7740,3830
7750,3835
7760,3840
7770,3845
7780,3850
7790,3855
7800,3860
7810,3865
7820,3870
7830,3875
7840,3880
7850,3885
7860,3890
7870,3895
7880,3900
7890,3905
7900,3910
7910,3915
7920,3920
7930,3925
7940,3930
7950,3935
7960,3940
7970,3945
7980,3950
7990,3955
8000,3960
8010,3965
8020,3970
8030,3975
8040,3980
8050,3985
8060,3990
8070,3995
8080,4000
8090,4005
8100,4010
8110,4015
8120,4020
8130,4025
8140,4030
8150,4035
8160,4040
8170,4045
8180,4050
8190,4055
8200,4060
8210,4065
8220,4070
8230,4075
8240,4080
8250,4085
8260,4090
8270,4095
8280,4100
8290,4105
8300,4110
8310,4115
8320,4120
8330,4125
8340,4130
8350,4135
8360,4140
8370,4145
8380,4150
8390,4155
8400,4160
8410,4165
8420,4170
8430,4175
8440,4180
8450,4185
8460,4190
8470,4195
8480,4200
8490,4205
8500,4210
8510,4215
8520,4220
8530,4225
8540,4230
8550,4235
8560,4240
8570,4245
8580,4250
8590,4255
8600,4260
8610,4265
8620,4270
8630,4275
8640,4280
8650,4285
8660,4290
8670,4295
8680,4300
8690,4305
8700,4310
8710,4315
8720,4320
8730,4325
8740,4330
8750,4335
8760,4340
8770,4345
8780,4350
8790,4355
8800,4360
8810,4365
8820,4370
8830,4375
8840,4380
8850,4385
8860,4390
8870,4395
8880,4400
8890,4405
8900,4410
8910,4415
8920,4420
8930,4425
8940,4430
8950,4435
8960,4440
8970,4445
8980,4450
8990,4455
9000,4460
9010,4465
9020,4470
9030,4475
9040,4480
9050,4485
9060,4490
9070,4495
9080,4500
9090,4505
9100,4510
9110,4515
9120,4520
9130,4525
9140,4530
9150,4535
9160,4540
9170,4545
9180,4550
9190,4555
9200,4560
9210,4565
9220,4570
9230,4575
9240,4580
9250,4585
9260,4590
9270,4595
9280,4600
9290,4605
9300,4610
9310,4615
9320,4620
9330,4625
9340,4630
9350,4635
9360,4640
9370,4645
9380,4650
9390,4655
9400,4660
9410,4665
9420,4670
9430,4675
9440,4680
9450,4685
9460,4690
9470,4695
9480,4700
9490,4705
9500,4710
9510,4715
9520,4720
9530,4725
9540,4730
9550,4735
9560,4740
9570,4745
9580,4750
9590,4755
9600,4760
9610,4765
9620,4770
9630,4775
9640,4780
9650,4785
9660,4790
9670,4795
9680,4800
9690,4805
9700,4810
9710,4815
9720,4820
9730,4825
9740,4830
9750,4835
9760,4840
9770,4845
9780,4850
9790,4855
9800,4860
9810,4865
9820,4870
9830,4875
9840,4880
9850,4885
9860,4890
9870,4895
9880,4900
9890,4905
9900,4910
9910,4915
9920,4920
9930,4925
9940,4930
9950,4935
9960,4940
9970,4945
9980,4950
9990,4955
10000,4960
10010,4965
10020,4970
10030,4975
10040,4980
10050,4985
10060,4990
10070,4995
10080,5000
10090,5005
10100,5010
10110,5015
10120,5020
10130,5025
10140,5030
10150,5035
10160,5040
10170,5045
10180,5050
10190,5055
10200,5060
10210,5065
10220,5070
10230,5075
10240,5080
10250,5085
10260,5090
10270,5095
10280,5100
10290,5105
10300,5110
10310,5115
10320,5120
10330,5125
10340,5130
10350,5135
10360,5140
10370,5145
10380,5150
10390,5155
10400,5160
10410,5165
10420,5170
10430,5175
10440,5180
10450,5185
10460,5190
10470,5195
10480,5200
10490,5205
10500,5210
10510,5215
10520,5220
10530,5225
10540,5230
10550,5235
10560,5240
10570,5245
10580,5250
10590,5255
10600,5260
10610,5265
10620,5270
10630,5275
10640,5280
10650,5285
10660,5290
10670,5295
10680,5300
10690,5305
10700,5310
10710,5315
10720,5320
10730,5325
10740,5330
10750,5335
10760,5340
10770,5345
10780,5350
10790,5355
10800,5360
10810,5365
10820,5370
10830,5375
10840,5380
10850,5385
10860,5390
10870,5395
10880,5400
10890,5405
10900,5410
10910,5415
10920,5420
10930,5425
10940,5430
10950,5435
10960,5440
10970,5445
10980,5450
10990,5455
11000,5460
11010,5465
11020,5470
11030,5475
11040,5480
11050,5485
11060,5490
11070,5495
11080,5500
11090,5505
11100,5510
11110,5515
11120,5520
11130,5525
11140,5530
11150,5535
11160,5540
11170,5545
11180,5550
11190,5555
11200,5560
11210,5565
11220,5570
11230,5575
11240,5580
11250,5585
11260,5590
11270,5595
11280,5600
11290,5605
11300,5610
11310,5615
11320,5620
11330,5625
11340,5630
11350,5635
11360,5640
11370,5645
11380,5650
11390,5655
11400,5660
11410,5665
11420,5670
11430,5675
11440,5680
11450,5685
11460,5690
11470,5695
11480,5700
11490,5705
11500,5710
11510,5715
11520,5720
11530,5725
11540,5730
11550,5735
11560,5740
11570,5745
11580,5750
11590,5755
11600,5760
11610,5765
11620,5770
11630,5775
11640,5780
11650,5785
11660,5790
11670,5795
11680,5800
11690,5805
11700,5810
11710,5815
11720,5820
11730,5825
11740,5830
11750,5835
11760,5840
11770,5845
11780,5850
11790,5855
11800,5860
11810,5865
11820,5870
11830,5875
11840,5880
11850,5885
11860,5890
11870,5895
11880,5900
11890,5905
11900,5910
11910,5915
11920,5920
11930,5925
11940,5930
11950,5935
11960,5940
11970,5945
11980,5950
11990,5955
12000,5960
12010,5965
12020,5970
12030,5975
12040,5980
12050,5985
12060,5990
12070,5995
12080,6000
12090,6005
12100,6010
12110,6015
12120,6020
12130,6025
12140,6030
12150,6035
12160,6040
12170,6045
12180,6050
12190,6055
12200,6060
12210,6065
12220,6070
12230,6075
12240,6080
12250,6085
12260,6090
12270,6095
12280,6100
12290,6105
12300,6110
12310,6115
12320,6120
12330,6125
12340,6130
12350,6135
12360,6140
12370,6145
12380,6150
12390,6155
12400,6160
12410,6165
12420,6170
12430,6175
12440,6180
12450,6185
12460,6190
12470,6195
12480,6200
12490,6205
12500,6210
12510,6215
12520,6220
12530,6225
12540,6230
12550,6235
12560,6240
12570,6245
12580,6250
12590,6255
12600,6260
12610,6265
12620,6270
12630,6275
12640,6280
12650,6285
12660,6290
12670,6295
12680,6300
12690,6305
12700,6310
12710,6315
12720,6320
12730,6325
12740,6330
12750,6335
12760,6340
12770,6345
12780,6350
12790,6355
12800,6360
12810,6365
12820,6370
12830,6375
12840,6380
12850,6385
12860,6390
12870,6395
12880,6400
12890,6405
12900,6410
12910,6415
12920,6420
12930,6425
12940,6430
12950,6435
12960,6440
12970,6445
12980,6450
12990,6455
13000,6460
13010,6465
13020,6470
13030,6475
13040,6480
13050,6485
13060,6490
13070,6495
13080,6500
13090,6505
13100,6510
13110,6515
13120,6520
13130,6525
13140,6530
13150,6535
13160,6540
13170,6545
13180,6550
13190,6555
13200,6560
13210,6565
13220,6570
13230,6575
13240,6580
13250,6585
13260,6590
13270,6595
13280,6600
13290,6605
13300,6610
13310,6615
13320,6620
13330,6625
13340,6630
13350,6635
13360,6640
13370,6645
13380,6650
13390,6655
13400,6660
13410,6665
13420,6670
13430,6675
13440,6680
13450,6685
13460,6690
13470,6695
13480,6700
13490,6705
13500,6710
13510,6715
13520,6720
13530,6725
13540,6730
13550,6735
13560,6740
13570,6745
13580,6750
13590,6755
13600,6760
13610,6765
13620,6770
13630,6775
13640,6780
13650,6785
13660,6790
13670,6795
13680,6800
13690,6805
13700,6810
13710,6815
13720,6820
13730,6825
13740,6830
13750,6835
13760,6840
13770,6845
13780,6850
13790,6855
13800,6860
13810,6865
13820,6870
13830,6875
13840,6880
13850,6885
13860,6890
13870,6895
13880,6900
13890,6905
13900,6910
13910,6915
13920,6920
13930,6925
13940,6930
13950,6935
13960,6940
13970,6945
13980,6950
13990,6955
14000,6960
14010,6965
14020,6970
14030,6975
14040,6980
14050,6985
14060,6990
14070,6995
14080,7000
14090,7005
14100,7010
14110,7015
14120,7020
14130,7025
14140,7030
14150,7035
14160,7040
14170,7045
14180,7050
14190,7055
14200,7060
14210,7065
14220,7070
14230,7075
14240,7080
14250,7085
14260,7090
14270,7095
14280,7100
14290,7105
14300,7110
14310,7115
14320,7120
14330,7125
14340,7130
14350,7135
14360,7140
14370,7145
14380,7150
14390,7155
14400,7160
14410,7165
14420,7170
14430,7175
14440,7180
14450,7185
14460,7190
14470,7195
14480,7200
14490,7205
14500,7210
14510,7215
14520,7220
14530,7225
14540,7230
14550,7235
14560,7240
14570,7245
14580,7250
14590,7255
14600,7260
14610,7265
14620,7270
14630,7275
14640,7280
14650,7285
14660,7290
14670,7295
14680,7300
14690,7305
14700,7310
14710,7315
14720,7320
14730,7325
14740,7330
14750,7335
14760,7340
14770,7345
14780,7350
14790,7355
14800,7360
14810,7365
14820,7370
14830,7375
14840,7380
14850,7385
14860,7390
14870,7395
14880,7400
14890,7405
14900,7410
14910,7415
14920,7420
14930,7425
14940,7430
14950,7435
14960,7440
14970,7445
14980,7450
14990,7455
15000,7460
15010,7465
15020,7470
15030,7475
15040,7480
15050,7485
15060,7490
15070,7495
15080,7500
15090,7505
15100,7510
15110,7515
15120,7520
15130,7525
15140,7530
15150,7535
15160,7540
15170,7545
15180,7550
15190,7555
15200,7560
15210,7565
15220,7570
15230,7575
15240,7580
15250,7585
15260,7590
15270,7595
15280,7600
15290,7605
15300,7610
15310,7615
15320,7620
15330,7625
15340,7630
15350,7635
15360,7640
15370,7645
15380,7650
15390,7655
15400,7660
15410,7665
15420,7670
15430,7675
15440,7680
15450,7685
15460,7690
15470,7695
15480,7700
15490,7705
15500,7710
15510,7715
15520,7720
15530,7725
15540,7730
15550,7735
15560,7740
15570,7745
15580,7750
15590,7755
15600,7760
15610,7765
15620,7770
15630,7775
15640,7780
15650,7785
15660,7790
15670,7795
15680,7800
15690,7805
15700,7810
15710,7815
15720,7820
15730,7825
15740,7830
15750,7835
15760,7840
15770,7845
15780,7850
15790,7855
15800,7860
15810,7865
15820,7870
15830,7875
15840,7880
15850,7885
15860,7890
15870,7895
15880,7900
15890,7905
15900,7910
15910,7915
15920,7920
15930,7925
15940,7930
15950,7935
15960,7940
15970,7945
15980,7950
15990,7955
16000,7960
16010,7965
16020,7970
16030,7975
16040,7980
16050,7985
16060,7990
16070,7995
16080,8000
16090,8005
16100,8010
16110,8015
16120,8020
16130,8025
16140,8030
16150,8035
16160,8040
16170,8045
16180,8050
16190,8055
16200,8060
16210,8065
16220,8070
16230,8075
16240,8080
16250,8085
16260,8090
16270,8095
16280,8100
16290,8105
16300,8110
16310,8115
16320,8120
16330,8125
16340,8130
16350,8135
16360,8140
16370,8145
16380,8150
16390,8155
16400,8160
16410,8165
16420,8170
16430,8175
16440,8180
16450,8185
16460,8190
16470,8195
16480,8200
16490,8205
16500,8210
16510,8215
16520,8220
16530,8225
16540,8230
16550,8235
16560,8240
16570,8245
16580,8250
16590,8255
16600,8260
16610,8265
16620,8270
16630,8275
16640,8280
16650,8285
16660,8290
16670,8295
16680,8300
16690,8305
16700,8310
16710,8315
16720,8320
16730,8325
16740,8330
16750,8335
16760,8340
16770,8345
16780,8350
16790,8355
16800,8360
16810,8365
16820,8370
16830,8375
16840,8380
16850,8385
16860,8390
16870,8395
16880,8400
16890,8405
16900,8410
16910,8415
16920,8420
16930,8425
16940,8430
16950,8435
16960,8440
16970,8445
16980,8450
16990,8455
17000,8460
17010,8465
17020,8470
17030,8475
17040,8480
17050,8485
17060,8490
17070,8495
17080,8500
17090,8505
17100,8510
17110,8515
17120,8520
17130,8525
17140,8530
17150,8535
17160,8540
17170,8545
17180,8550
17190,8555
17200,8560
17210,8565
17220,8570
17230,8575
17240,8580
17250,8585
17260,8590
17270,8595
17280,8600
17290,8605
17300,8610
17310,8615
17320,8620
17330,8625
17340,8630
17350,8635
17360,8640
17370,8645
17380,8650
17390,8655
17400,8660
17410,8665
17420,8670
17430,8675
17440,8680
17450,8685
17460,8690
17470,8695
17480,8700
17490,8705
17500,8710
17510,8715
17520,8720
17530,8725
17540,8730
17550,8735
17560,8740
17570,8745
17580,8750
17590,8755
17600,8760
17610,8765
17620,8770
17630,8775
17640,8780
17650,8785
17660,8790
17670,8795
17680,8800
17690,8805
17700,8810
17710,8815
17720,8820
17730,8825
17740,8830
17750,8835
17760,8840
17770,8845
17780,8850
17790,8855
17800,8860
17810,8865
17820,8870
17830,8875
17840,8880
17850,8885
17860,8890
17870,8895
17880,8900
17890,8905
17900,8910
17910,8915
17920,8920
17930,8925
17940,8930
17950,8935
17960,8940
17970,8945
17980,8950
17990,8955
18000,8960
18010,8965
18020,8970
18030,8975
18040,8980
18050,8985
18060,8990
18070,8995
18080,9000
18090,9005
18100,9010
18110,9015
18120,9020
18130,9025
18140,9030
18150,9035
18160,9040
18170,9045
18180,9050
18190,9055
18200,9060
18210,9065
18220,9070
18230,9075
18240,9080
18250,9085
18260,9090
18270,9095
18280,9100
18290,9105
18300,9110
18310,9115
18320,9120
18330,9125
18340,9130
18350,9135
18360,9140
18370,9145
18380,9150
18390,9155
18400,9160
18410,9165
18420,9170
18430,9175
18440,9180
18450,9185
18460,9190
18470,9195
18480,9200
18490,9205
18500,9210
18510,9215
18520,9220
18530,9225
18540,9230
18550,9235
18560,9240
18570,9245
18580,9250
18590,9255
18600,9260
18610,9265
18620,9270
18630,9275
18640,9280
18650,9285
18660,9290
18670,9295
18680,9300
18690,9305
18700,9310
18710,9315
18720,9320
18730,9325
18740,9330
18750,9335
18760,9340
18770,9345
18780,9350
18790,9355
18800,9360
18810,9365
18820,9370
18830,9375
18840,9380
18850,9385
18860,9390
18870,9395
18880,9400
18890,9405
18900,9410
18910,9415
18920,9420
18930,9425
18940,9430
18950,9435
18960,9440
18970,9445
18980,9450
18990,9455
19000,9460
19010,9465
19020,9470
19030,9475
19040,9480
19050,9485
19060,9490
19070,9495
19080,9500
19090,9505
19100,9510
19110,9515
19120,9520
19130,9525
19140,9530
19150,9535
19160,9540
19170,9545
19180,9550
19190,9555
19200,9560
19210,9565
19220,9570
19230,9575
19240,9580
19250,9585
19260,9590
19270,9595
19280,9600
19290,9605
19300,9610
19310,9615
19320,9620
19330,9625
19340,9630
19350,9635
19360,9640
19370,9645
19380,9650
19390,9655
19400,9660
19410,9665
19420,9670
19430,9675
19440,9680
19450,9685
19460,9690
19470,9695
19480,9700
19490,9705
19500,9710
19510,9715
19520,9720
19530,9725
19540,9730
19550,9735
19560,9740
19570,9745
19580,9750
19590,9755
19600,9760
19610,9765
19620,9770
19630,9775
19640,9780
19650,9785
19660,9790
19670,9795
19680,9800
19690,9805
19700,9810
19710,9815
19720,9820
19730,9825
19740,9830
19750,9835
19760,9840
19770,9845
19780,9850
19790,9855
19800,9860
19810,9865
19820,9870
19830,9875
19840,9880
19850,9885
19860,9890
19870,9895
19880,9900
19890,9905
19900,9910
19910,9915
19920,9920
19930,9925
19940,9930
19950,9935
19960,9940
19970,9945
19980,9950
19990,9955
20000,9960
20010,9965
20020,9970
20030,9975
20040,9980
20050,9985
20060,9990
20070,9995
20080,10000
20090,10005
20100,10010
20110,10015
20120,10020
20130,10025
20140,10030
20150,10035
20160,10040
20170,10045
20180,10050
20190,10055
20200,10060
20210,10065
20220,10070
20230,10075
20240,10080
20250,10085
20260,10090
20270,10095
20280,10100
20290,10105
20300,10110
20310,10115
20320,10120
20330,10125
20340,10130
20350,10135
20360,10140
20370,10145
20380,10150
20390,10155
20400,10160
20410,10165
20420,10170
20430,10175
20440,10180
20450,10185
20460,10190
20470,10195
20480,10200
20490,10205
20500,10210
20510,10215
20520,10220
20530,10225
20540,10230
20550,10235
20560,10240
20570,10245
20580,10250
20590,10255
20600,10260
20610,10265
20620,10270
20630,10275
20640,10280
20650,10285
20660,10290
20670,10295
20680,10300
20690,10305
20700,10310
20710,10315
20720,10320
20730,10325
20740,10330
20750,10335
20760,10340
20770,10345
20780,10350
20790,10355
20800,10360
20810,10365
20820,10370
20830,10375
20840,10380
20850,10385
20860,10390
20870,10395
20880,10400
20890,10405
20900,10410
20910,10415
20920,10420
20930,10425
20940,10430
20950,10435
20960,10440
20970,10445
20980,10450
20990,10455
21000,10460
21010,10465
21020,10470
21030,10475
21040,10480
21050,10485
21060,10490
21070,10495
21080,10500
21090,10505
21100,10510
21110,10515
21120,10520
21130,10525
21140,10530
21150,10535
21160,10540
21170,10545
21180,10550
21190,10555
21200,10560
21210,10565
21220,10570
21230,10575
21240,10580
21250,10585
21260,10590
21270,10595
21280,10600
21290,10605
21300,10610
21310,10615
21320,10620
21330,10625
21340,10630
21350,10635
21360,10640
21370,10645
21380,10650
21390,10655
21400,10660
21410,10665
21420,10670
21430,10675
21440,10680
21450,10685
21460,10690
21470,10695
21480,10700
21490,10705
21500,10710
21510,10715
21520,10720
21530,10725
21540,10730
21550,10735
21560,10740
21570,10745
21580,10750
21590,10755
21600,10760
21610,10765
21620,10770
21630,10775
21640,10780
21650,10785
21660,10790
21670,10795
21680,10800
21690,10805
21700,10810
21710,10815
21720,10820
21730,10825
21740,10830
21750,10835
21760,10840
21770,10845
21780,10850
21790,10855
21800,10860
21810,10865
21820,10870
21830,10875
21840,10880
21850,10885
21860,10890
21870,10895
21880,10900
21890,10905
21900,10910
21910,10915
21920,10920
21930,10925
21940,10930
21950,10935
21960,10940
21970,10945
21980,10950
21990,10955
22000,10960
22010,10965
22020,10970
22030,10975
22040,10980
22050,10985
22060,10990
22070,10995
22080,11000
22090,11005
22100,11010
22110,11015
22120,11020
22130,11025
22140,11030
22150,11035
22160,11040
22170,11045
22180,11050
22190,11055
22200,11060
22210,11065
22220,11070
22230,11075
22240,11080
22250,11085
22260,11090
22270,11095
22280,11100
22290,11105
22300,11110
22310,11115
22320,11120
22330,11125
22340,11130
22350,11135
22360,11140
22370,11145
22380,11150
22390,11155
22400,11160
22410,11165
22420,11170
22430,11175
22440,11180
22450,11185
22460,11190
22470,11195
22480,11200
22490,11205
22500,11210
22510,11215
22520,11220
22530,11225
22540,11230
22550,11235
22560,11240
22570,11245
22580,11250
22590,11255
22600,11260
22610,11265
22620,11270
22630,11275
22640,11280
22650,11285
22660,11290
22670,11295
22680,11300
22690,11305
22700,11310
22710,11315
22720,11320
22730,11325
22740,11330
22750,11335
22760,11340
22770,11345
22780,11350
22790,11355
22800,11360
22810,11365
22820,11370
22830,11375
22840,11380
22850,11385
22860,11390
22870,11395
22880,11400
22890,11405
22900,11410
22910,11415
22920,11420
22930,11425
22940,11430
22950,11435
22960,11440
22970,11445
22980,11450
22990,11455
23000,11460
23010,11465
23020,11470
23030,11475
23040,11480
23050,11485
23060,11490
23070,11495
23080,11500
23090,11505
23100,11510
23110,11515
23120,11520
23130,11525
23140,11530
23150,11535
23160,11540
23170,11545
23180,11550
23190,11555
23200,11560
23210,11565
23220,11570
23230,11575
23240,11580
23250,11585
23260,11590
23270,11595
23280,11600
23290,11605
23300,11610
23310,11615
23320,11620
23330,11625
23340,11630
23350,11635
23360,11640
23370,11645
23380,11650
23390,11655
23400,11660
23410,11665
23420,11670
23430,11675
23440,11680
23450,11685
23460,11690
23470,11695
23480,11700
23490,11705
23500,11710
23510,11715
23520,11720
23530,11725
23540,11730
23550,11735
23560,11740
23570,11745
23580,11750
23590,11755
23600,11760
23610,11765
23620,11770
23630,11775
23640,11780
23650,11785
23660,11790
23670,11795
23680,11800
23690,11805
23700,11810
23710,11815
23720,11820
23730,11825
23740,11830
23750,11835
23760,11840
23770,11845
23780,11850
23790,11855
23800,11860
23810,11865
23820,11870
23830,11875
23840,11880
23850,11885
23860,11890
23870,11895
23880,11900
23890,11905
23900,11910
23910,11915
23920,11920
23930,11925
23940,11930
23950,11935
23960,11940
23970,11945
23980,11950
23990,11955
24000,11960
24010,11965
24020,11970
24030,11975
24040,11980
24050,11985
24060,11990
24070,11995
24080,12000
24090,12005
24100,12010
24110,12015
24120,12020
24130,12025
24140,12030
24150,12035
24160,12040
24170,12045
24180,12050
24190,12055
24200,12060
24210,12065
24220,12070
24230,12075
24240,12080
24250,12085
24260,12090
24270,12095
24280,12100
24290,12105
24300,12110
24310,12115
24320,12120
24330,12125
24340,12130
24350,12135
24360,12140
24370,12145
24380,12150
24390,12155
24400,12160
24410,12165
24420,12170
24430,12175
24440,12180
24450,12185
24460,12190
24470,12195
24480,12200
24490,12205
24500,12210
24510,12215
24520,12220
24530,12225
24540,12230
24550,12235
24560,12240
24570,12245
24580,12250
24590,12255
24600,12260
24610,12265
24620,12270
24630,12275
24640,12280
24650,12285
24660,12290
24670,12295
24680,12300
24690,12305
24700,12310
24710,12315
24720,12320
24730,12325
24740,12330
24750,12335
24760,12340
24770,12345
24780,12350
24790,12355
24800,12360
24810,12365
24820,12370
24830,12375
24840,12380
24850,12385
24860,12390
24870,12395
24880,12400
24890,12405
24900,12410
24910,12415
24920,12420
24930,12425
24940,12430
24950,12435
24960,12440
24970,12445
24980,12450
24990,12455
25000,12460
25010,12465
25020,12470
25030,12475
25040,12480
25050,12485
25060,12490
25070,12495
25080,12500
25090,12505
25100,12510
25110,12515
25120,12520
25130,12525
25140,12530
25150,12535
25160,12540
25170,12545
25180,12550
25190,12555
25200,12560
25210,12565
25220,12570
25230,12575
25240,12580
25250,12585
25260,12590
25270,12595
25280,12600
25290,12605
25300,12610
25310,12615
25320,12620
25330,12625
25340,12630
25350,12635
25360,12640
25370,12645
25380,12650
25390,12655
25400,12660
25410,12665
25420,12670
25430,12675
25440,12680
25450,12685
25460,12690
25470,12695
25480,12700
25490,12705
25500,12710
25510,12715
25520,12720
25530,12725
25540,12730
25550,12735
25560,12740
25570,12745
25580,12750
25590,12755
25600,12760
25610,12765
25620,12770
25630,12775
25640,12780
25650,12785
25660,12790
25670,12795
25680,12800
25690,12805
25700,12810
25710,12815
25720,12820
25730,12825
25740,12830
25750,12835
25760,12840
25770,12845
25780,12850
25790,12855
25800,12860
25810,12865
25820,12870
25830,12875
25840,12880
25850,12885
25860,12890
25870,12895
25880,12900
25890,12905
25900,12910
25910,12915
25920,12920
25930,12925
25940,12930
25950,12935
25960,12940
25970,12945
25980,12950
25990,12955
26000,12960
26010,12965
26020,12970
26030,12975
26040,12980
26050,12985
26060,12990
26070,12995
26080,13000
26090,13005
26100,13010
26110,13015
26120,13020
26130,13025
26140,13030
26150,13035
26160,13040
26170,13045
26180,13050
26190,13055
26200,13060
26210,13065
26220,13070
26230,13075
26240,13080
26250,13085
26260,13090
26270,13095
26280,13100
26290,13105
26300,13110
26310,13115
26320,13120
26330,13125
26340,13130
26350,13135
26360,13140
26370,13145
26380,13150
26390,13155
26400,13160
26410,13165
26420,13170
26430,13175
26440,13180
26450,13185
26460,13190
26470,13195
26480,13200
26490,13205
26500,13210
26510,13215
26520,13220
26530,13225
26540,13230
26550,13235
26560,13240
26570,13245
26580,13250
26590,13255
26600,13260
26610,13265
26620,13270
26630,13275
26640,13280
26650,13285
26660,13290
26670,13295
26680,13300
26690,13305
26700,13310
26710,13315
26720,13320
26730,13325
26740,13330
26750,13335
26760,13340
26770,13345
26780,13350
26790,13355
26800,13360
26810,13365
26820,13370
26830,13375
26840,13380
26850,13385
26860,13390
26870,13395
26880,13400
26890,13405
26900,13410
26910,13415
26920,13420
26930,13425
26940,13430
26950,13435
26960,13440
26970,13445
26980,13450
26990,13455
27000,13460
27010,13465
27020,13470
27030,13475
27040,13480
27050,13485
27060,13490
27070,13495
27080,13500
27090,13505
27100,13510
27110,13515
27120,13520
27130,13525
27140,13530
27150,13535
27160,13540
27170,13545
27180,13550
27190,13555
27200,13560
27210,13565
27220,13570
27230,13575
27240,13580
27250,13585
27260,13590
27270,13595
27280,13600
27290,13605
27300,13610
27310,13615
27320,13620
27330,13625
27340,13630
27350,13635
27360,13640
27370,13645
27380,13650
27390,13655
27400,13660
27410,13665
27420,13670
27430,13675
27440,13680
27450,13685
27460,13690
27470,13695
27480,13700
27490,13705
27500,13710
27510,13715
27520,13720
27530,13725
27540,13730
27550,13735
27560,13740
27570,13745
27580,13750
27590,13755
27600,13760
27610,13765
27620,13770
27630,13775
27640,13780
27650,13785
27660,13790
27670,13795
27680,13800
27690,13805
27700,13810
27710,13815
27720,13820
27730,13825
27740,13830
27750,13835
27760,13840
27770,13845
27780,13850
27790,13855
27800,13860
27810,13865
27820,13870
27830,13875
27840,13880
27850,13885
27860,13890
27870,13895
27880,13900
27890,13905
27900,13910
27910,13915
27920,13920
27930,13925
27940,13930
27950,13935
27960,13940
27970,13945
27980,13950
27990,13955
28000,13960
28010,13965
28020,13970
28030,13975
28040,13980
28050,13985
28060,13990
28070,13995
28080,14000
28090,14005
28100,14010
28110,14015
28120,14020
28130,14025
28140,14030
28150,14035
28160,14040
28170,14045
28180,14050
28190,14055
28200,14060
28210,14065
28220,14070
28230,14075
28240,14080
28250,14085
28260,14090
28270,14095
28280,14100
28290,14105
28300,14110
28310,14115
28320,14120
28330,14125
28340,14130
28350,14135
28360,14140
28370,14145
28380,14150
28390,14155
28400,14160
28410,14165
28420,14170
28430,14175
28440,14180
28450,14185
28460,14190
28470,14195
28480,14200
28490,14205
28500,14210
28510,14215
28520,14220
28530,14225
28540,14230
28550,14235
28560,14240
28570,14245
28580,14250
28590,14255
28600,14260
28610,14265
28620,14270
28630,14275
28640,14280
28650,14285
28660,14290
28670,14295
28680,14300
28690,14305
28700,14310
28710,14315
28720,14320
28730,14325
28740,14330
28750,14335
28760,14340
28770,14345
28780,14350
28790,14355
28800,14360
28810,14365
28820,14370
28830,14375
28840,14380
28850,14385
28860,14390
28870,14395
28880,14400
28890,14405
28900,14410
28910,14415
28920,14420
28930,14425
28940,14430
28950,14435
28960,14440
28970,14445
28980,14450
28990,14455
29000,14460
29010,14465
29020,14470
29030,14475
29040,14480
29050,14485
29060,14490
29070,14495
29080,14500
29090,14505
29100,14510
29110,14515
29120,14520
29130,14525
29140,14530
29150,14535
29160,14540
29170,14545
29180,14550
29190,14555
29200,14560
29210,14565
29220,14570
29230,14575
29240,14580
29250,14585
29260,14590
29270,14595
29280,14600
29290,14605
29300,14610
29310,14615
29320,14620
29330,14625
29340,14630
29350,14635
29360,14640
29370,14645
29380,14650
29390,14655
29400,14660
29410,14665
29420,14670
29430,14675
29440,14680
29450,14685
29460,14690
29470,14695
29480,14700
29490,14705
29500,14710
29510,14715
29520,14720
29530,14725
29540,14730
29550,14735
29560,14740
29570,14745
29580,14750
29590,14755
29600,14760
29610,14765
29620,14770
29630,14775
29640,14780
29650,14785
29660,14790
29670,14795
29680,14800
29690,14805
29700,14810
29710,14815
29720,14820
29730,14825
29740,14830
29750,14835
29760,14840
29770,14845
29780,14850
29790,14855
29800,14860
29810,14865
29820,14870
29830,14875
29840,14880
29850,14885
29860,14890
29870,14895
29880,14900
29890,14905
29900,14910
29910,14915
29920,14920
29930,14925
29940,14930
29950,14935
29960,14940
29970,14945
29980,14950
29990,14955
30000,14960
30010,14965
30020,14970
30030,14975
30040,14980
30050,14985
30060,14990
30070,14995
30080,15000
30090,15005
30100,15010
30110,15015
30120,15020
30130,15025
30140,15030
30150,15035
30160,15040
30170,15045
30180,15050
30190,15055
30200,15060
30210,15065
30220,15070
30230,15075
30240,15080
30250,15085
30260,15090
30270,15095
30280,15100
30290,15105
30300,15110
30310,15115
30320,15120
30330,15125
30340,15130
30350,15135
30360,15140
30370,15145
30380,15150
30390,15155
30400,15160
30410,15165
30420,15170
30430,15175
30440,15180
30450,15185
30460,15190
30470,15195
30480,15200
30490,15205
30500,15210
30510,15215
30520,15220
30530,15225
30540,15230
30550,15235
30560,15240
30570,15245
30580,15250
30590,15255
30600,15260
30610,15265
30620,15270
30630,15275
30640,15280
30650,15285
30660,15290
30670,15295
30680,15300
30690,15305
30700,15310
30710,15315
30720,15320
30730,15325
30740,15330
30750,15335
30760,15340
30770,15345
30780,15350
30790,15355
30800,15360
30810,15365
30820,15370
30830,15375
30840,15380
30850,15385
30860,15390
30870,15395
30880,15400
30890,15405
30900,15410
30910,15415
30920,15420
30930,15425
30940,15430
30950,15435
30960,15440
30970,15445
30980,15450
30990,15455
31000,15460
31010,15465
31020,15470
31030,15475
31040,15480
31050,15485
31060,15490
31070,15495
31080,15500
31090,15505
31100,15510
31110,15515
31120,15520
31130,15525
31140,15530
31150,15535
31160,15540
31170,15545
31180,15550
31190,15555
31200,15560
31210,15565
31220,15570
31230,15575
31240,15580
31250,15585
31260,15590
31270,15595
31280,15600
31290,15605
31300,15610
31310,15615
31320,15620
31330,15625
31340,15630
31350,15635
31360,15640
31370,15645
31380,15650
31390,15655
31400,15660
31410,15665
31420,15670
31430,15675
31440,15680
31450,15685
31460,15690
31470,15695
31480,15700
31490,15705
31500,15710
31510,15715
31520,15720
31530,15725
31540,15730
31550,15735
31560,15740
31570,15745
31580,15750
31590,15755
31600,15760
31610,15765
31620,15770
31630,15775
31640,15780
31650,15785
31660,15790
31670,15795
31680,15800
31690,15805
31700,15810
31710,15815
31720,15820
31730,15825
31740,15830
31750,15835
31760,15840
31770,15845
31780,15850
31790,15855
31800,15860
31810,15865
31820,15870
31830,15875
31840,15880
31850,15885
31860,15890
31870,15895
31880,15900
31890,15905
31900,15910
31910,15915
31920,15920
31930,15925
31940,15930
31950,15935
31960,15940
31970,15945
31980,15950
31990,15955
32000,15960
32010,15965
32020,15970
32030,15975
32040,15980
32050,15985
32060,15990
32070,15995
32080,16000
32090,16005
32100,16010
32110,16015
32120,16020
32130,16025
32140,16030
32150,16035
32160,16040
32170,16045
32180,16050
32190,16055
32200,16060
32210,16065
32220,16070
32230,16075
32240,16080
32250,16085
32260,16090
32270,16095
32280,16100
32290,16105
32300,16110
32310,16115
32320,16120
32330,16125
32340,16130
32350,16135
32360,16140
32370,16145
32380,16150
32390,16155
32400,16160
32410,16165
32420,16170
32430,16175
32440,16180
32450,16185
32460,16190
32470,16195
32480,16200
32490,16205
32500,16210
32510,16215
32520,16220
32530,16225
32540,16230
32550,16235
32560,16240
32570,16245
32580,16250
32590,16255
32600,16260
32610,16265
32620,16270
32630,16275
32640,16280
32650,16285
32660,16290
32670,16295
32680,16300
32690,16305
32700,16310
32710,16315
32720,16320
32730,16325
32740,16330
32750,16335
32760,16340
32770,16345
32780,16350
32790,16355
32800,16360
32810,16365
32820,16370
32830,16375
32840,16380
32850,16385
32860,16390
32870,16395
32880,16400
32890,16405
32900,16410
32910,16415
32920,16420
32930,16425
32940,16430
32950,16435
32960,16440
32970,16445
32980,16450
32990,16455
33000,16460
33010,16465
33020,16470
33030,16475
33040,16480
33050,16485
33060,16490
33070,16495
33080,16500
33090,16505
33100,16510
33110,16515
33120,16520
33130,16525
33140,16530
33150,16535
33160,16540
33170,16545
33180,16550
33190,16555
33200,16560
33210,16565
33220,16570
33230,16575
33240,16580
33250,16585
33260,16590
33270,16595
33280,16600
33290,16605
33300,16610
33310,16615
33320,16620
33330,16625
33340,16630
33350,16635
33360,16640
33370,16645
33380,16650
33390,16655
33400,16660
33410,16665
33420,16670
33430,16675
33440,16680
33450,16685
33460,16690
33470,16695
33480,16700
33490,16705
33500,16710
33510,16715
33520,16720
33530,16725
33540,16730
33550,16735
33560,16740
33570,16745
33580,16750
33590,16755
33600,16760
33610,16765
33620,16770
33630,16775
33640,16780
33650,16785
33660,16790
33670,16795
33680,16800
33690,16805
33700,16810
33710,16815
33720,16820
33730,16825
33740,16830
33750,16835
33760,16840
33770,16845
33780,16850
33790,16855
33800,16860
33810,16865
33820,16870
33830,16875
33840,16880
33850,16885
33860,16890
33870,16895
33880,16900
33890,16905
33900,16910
33910,16915
33920,16920
33930,16925
33940,16930
33950,16935
33960,16940
33970,16945
33980,16950
33990,16955
34000,16960
34010,16965
34020,16970
34030,16975
34040,16980
34050,16985
34060,16990
34070,16995
34080,17000
34090,17005
34100,17010
34110,17015
34120,17020
34130,17025
34140,17030
34150,17035
34160,17040
34170,17045
34180,17050
34190,17055
34200,17060
34210,17065
34220,17070
34230,17075
34240,17080
34250,17085
34260,17090
34270,17095
34280,17100
34290,17105
34300,17110
34310,17115
34320,17120
34330,17125
34340,17130
34350,17135
34360,17140
34370,17145
34380,17150
34390,17155
34400,17160
34410,17165
34420,17170
34430,17175
34440,17180
34450,17185
34460,17190
34470,17195
34480,17200
34490,17205
34500,17210
34510,17215
34520,17220
34530,17225
34540,17230
34550,17235
34560,17240
34570,17245
34580,17250
34590,17255
34600,17260
34610,17265
34620,17270
34630,17275
34640,17280
34650,17285
34660,17290
34670,17295
34680,17300
34690,17305
34700,17310
34710,17315
34720,17320
34730,17325
34740,17330
34750,17335
34760,17340
34770,17345
34780,17350
34790,17355
34800,17360
34810,17365
34820,17370
34830,17375
34840,17380
34850,17385
34860,17390
34870,17395
34880,17400
34890,17405
34900,17410
34910,17415
34920,17420
34930,17425
34940,17430
34950,17435
34960,17440
34970,17445
34980,17450
34990,17455
35000,17460
35010,17465
35020,17470
35030,17475
35040,17480
35050,17485
35060,17490
35070,17495
35080,17500
35090,17505
35100,17510
35110,17515
35120,17520
35130,17525
35140,17530
35150,17535
35160,17540
35170,17545
35180,17550
35190,17555
35200,17560
35210,17565
35220,17570
35230,17575
35240,17580
35250,17585
35260,17590
35270,17595
35280,17600
35290,17605
35300,17610
35310,17615
35320,17620
35330,17625
35340,17630
35350,17635
35360,17640
35370,17645
35380,17650
35390,17655
35400,17660
35410,17665
35420,17670
35430,17675
35440,17680
35450,17685
35460,17690
35470,17695
35480,17700
35490,17705
35500,17710
35510,17715
35520,17720
35530,17725
35540,17730
35550,17735
35560,17740
35570,17745
35580,17750
35590,17755
35600,17760
35610,17765
35620,17770
35630,17775
35640,17780
35650,17785
35660,17790
35670,17795
35680,17800
35690,17805
35700,17810
35710,17815
35720,17820
35730,17825
35740,17830
35750,17835
35760,17840
35770,17845
35780,17850
35790,17855
35800,17860
35810,17865
35820,17870
35830,17875
35840,17880
35850,17885
35860,17890
35870,17895
35880,17900
35890,17905
35900,17910
35910,17915
35920,17920
35930,17925
35940,17930
35950,17935
35960,17940
35970,17945
35980,17950
35990,17955
36000,17960
36010,17965
36020,17970
36030,17975
36040,17980
36050,17985
36060,17990
36070,17995
36080,18000
36090,18005
36100,18010
36110,18015
36120,18020
36130,18025
36140,18030
36150,18035
36160,18040
36170,18045
36180,18050
36190,18055
36200,18060
36210,18065
36220,18070
36230,18075
36240,18080
36250,18085
36260,18090
36270,18095
36280,18100
36290,18105
36300,18110
36310,18115
36320,18120
36330,18125
36340,18130
36350,18135
36360,18140
36370,18145
36380,18150
36390,18155
36400,18160
36410,18165
36420,18170
36430,18175
36440,18180
36450,18185
36460,18190
36470,18195
36480,18200
36490,18205
36500,18210
36510,18215
36520,18220
36530,18225
36540,18230
36550,18235
36560,18240
36570,18245
36580,18250
36590,18255
36600,18260
36610,18265
36620,18270
36630,18275
36640,18280
36650,18285
36660,18290
36670,18295
36680,18300
36690,18305
36700,18310
36710,18315
36720,18320
36730,18325
36740,18330
36750,18335
36760,18340
36770,18345
36780,18350
36790,18355
36800,18360
36810,18365
36820,18370
36830,18375
36840,18380
36850,18385
36860,18390
36870,18395
36880,18400
36890,18405
36900,18410
36910,18415
36920,18420
36930,18425
36940,18430
36950,18435
36960,18440
36970,18445
36980,18450
36990,18455
37000,18460
37010,18465
37020,18470
37030,18475
37040,18480
37050,18485
37060,18490
37070,18495
37080,18500
37090,18505
37100,18510
37110,18515
37120,18520
37130,18525
37140,18530
37150,18535
37160,18540
37170,18545
37180,18550
37190,18555
37200,18560
37210,18565
37220,18570
37230,18575
37240,18580
37250,18585
37260,18590
37270,18595
37280,18600
37290,18605
37300,18610
37310,18615
37320,18620
37330,18625
37340,18630
37350,18635
37360,18640
37370,18645
37380,18650
37390,18655
37400,18660
37410,18665
37420,18670
37430,18675
37440,18680
37450,18685
37460,18690
37470,18695
37480,18700
37490,18705
37500,18710
37510,18715
37520,18720
37530,18725
37540,18730
37550,18735
37560,18740
37570,18745
37580,18750
37590,18755
37600,18760
37610,18765
37620,18770
37630,18775
37640,18780
37650,18785
37660,18790
37670,18795
37680,18800
37690,18805
37700,18810
37710,18815
37720,18820
37730,18825
37740,18830
37750,18835
37760,18840
37770,18845
37780,18850
37790,18855
37800,18860
37810,18865
37820,18870
37830,18875
37840,18880
37850,18885
37860,18890
37870,18895
37880,18900
37890,18905
37900,18910
37910,18915
37920,18920
37930,18925
37940,18930
37950,18935
37960,18940
37970,18945
37980,18950
37990,18955
38000,18960
38010,18965
38020,18970
38030,18975
38040,18980
38050,18985
38060,18990
38070,18995
38080,19000
38090,19005
38100,19010
38110,19015
38120,19020
38130,19025
38140,19030
38150,19035
38160,19040
38170,19045
38180,19050
38190,19055
38200,19060
38210,19065
38220,19070
38230,19075
38240,19080
38250,19085
38260,19090
38270,19095
38280,19100
38290,19105
38300,19110
38310,19115
38320,19120
38330,19125
38340,19130
38350,19135
38360,19140
38370,19145
38380,19150
38390,19155
38400,19160
38410,19165
38420,19170
38430,19175
38440,19180
38450,19185
38460,19190
38470,19195
38480,19200
38490,19205
38500,19210
38510,19215
38520,19220
38530,19225
38540,19230
38550,19235
38560,19240
38570,19245
38580,19250
38590,19255
38600,19260
38610,19265
38620,19270
38630,19275
38640,19280
38650,19285
38660,19290
38670,19295
38680,19300
38690,19305
38700,19310
38710,19315
38720,19320
38730,19325
38740,19330
38750,19335
38760,19340
38770,19345
38780,19350
38790,19355
38800,19360
38810,19365
38820,19370
38830,19375
38840,19380
38850,19385
38860,19390
38870,19395
38880,19400
38890,19405
38900,19410
38910,19415
38920,19420
38930,19425
38940,19430
38950,19435
38960,19440
38970,19445
38980,19450
38990,19455
39000,19460
39010,19465
39020,19470
39030,19475
39040,19480
39050,19485
39060,19490
39070,19495
39080,19500
39090,19505
39100,19510
39110,19515
39120,19520
39130,19525
39140,19530
39150,19535
39160,19540
39170,19545
39180,19550
39190,19555
39200,19560
39210,19565
39220,19570
39230,19575
39240,19580
39250,19585
39260,19590
39270,19595
39280,19600
39290,19605
39300,19610
39310,19615
39320,19620
39330,19625
39340,19630
39350,19635
39360,19640
39370,19645
39380,19650
39390,19655
39400,19660
39410,19665
39420,19670
39430,19675
39440,19680
39450,19685
39460,19690
39470,19695
39480,19700
39490,19705
39500,19710
39510,19715
39520,19720
39530,19725
39540,19730
39550,19735
39560,19740
39570,19745
39580,19750
39590,19755
39600,19760
39610,19765
39620,19770
39630,19775
39640,19780
39650,19785
39660,19790
39670,19795
39680,19800
39690,19805
39700,19810
39710,19815
39720,19820
39730,19825
39740,19830
39750,19835
39760,19840
39770,19845
39780,19850
39790,19855
39800,19860
39810,19865
39820,19870
39830,19875
39840,19880
39850,19885
39860,19890
39870,19895
39880,19900
39890,19905
39900,19910
39910,19915
39920,19920
39930,19925
39940,19930
39950,19935
39960,19940
39970,19945
39980,19950
39990,19955
40000,19960
40010,19965
40020,19970
40030,19975
40040,19980
40050,19985
40060,19990
40070,19995
40080,20000
40090,20005
40100,20010
40110,20015
40120,20020
40130,20025
40140,20030
40150,20035
40160,20040
40170,20045
40180,20050
40190,20055
40200,20060
40210,20065
40220,20070
40230,20075
40240,20080
40250,20085
40260,20090
40270,20095
40280,20100
40290,20105
40300,20110
40310,20115
40320,20120
40330,20125
40340,20130
40350,20135
40360,20140
40370,20145
40380,20150
40390,20155
40400,20160
40410,20165
40420,20170
40430,20175
40440,20180
40450,20185
40460,20190
40470,20195
40480,20200
40490,20205
40500,20210
40510,20215
40520,20220
40530,20225
40540,20230
40550,20235
40560,20240
40570,20245
40580,20250
40590,20255
40600,20260
40610,20265
40620,20270
40630,20275
40640,20280
40650,20285
40660,20290
40670,20295
40680,20300
40690,20305
40700,20310
40710,20315
40720,20320
40730,20325
40740,20330
40750,20335
40760,20340
40770,20345
40780,20350
40790,20355
40800,20360
40810,20365
40820,20370
40830,20375
40840,20380
40850,20385
40860,20390
40870,20395
40880,20400
40890,20405
40900,20410
40910,20415
40920,20420
40930,20425
40940,20430
40950,20435
40960,20440
40970,20445
40980,20450
40990,20455
41000,20460
41010,20465
41020,20470
41030,20475
41040,20480
41050,20485
41060,20490
41070,20495
41080,20500
41090,20505
41100,20510
41110,20515
41120,20520
41130,20525
41140,20530
41150,20535
41160,20540
41170,20545
41180,20550
41190,20555
41200,20560
41210,20565
41220,20570
41230,20575
41240,20580
41250,20585
41260,20590
41270,20595
41280,20600
41290,20605
41300,20610
41310,20615
41320,20620
41330,20625
41340,20630
41350,20635
41360,20640
41370,20645
41380,20650
41390,20655
41400,20660
41410,20665
41420,20670
41430,20675
41440,20680
41450,20685
41460,20690
41470,20695
41480,20700
41490,20705
41500,20710
41510,20715
41520,20720
41530,20725
41540,20730
41550,20735
41560,20740
41570,20745
41580,20750
41590,20755
41600,20760
41610,20765
41620,20770
41630,20775
41640,20780
41650,20785
41660,20790
41670,20795
41680,20800
41690,20805
41700,20810
41710,20815
41720,20820
41730,20825
41740,20830
41750,20835
41760,20840
41770,20845
41780,20850
41790,20855
41800,20860
41810,20865
41820,20870
41830,20875
41840,20880
41850,20885
41860,20890
41870,20895
41880,20900
41890,20905
41900,20910
41910,20915
41920,20920
41930,20925
41940,20930
41950,20935
41960,20940
41970,20945
41980,20950
41990,20955
42000,20960
42010,20965
42020,20970
42030,20975
42040,20980
42050,20985
42060,20990
42070,20995
42080,21000
42090,21005
42100,21010
42110,21015
42120,21020
42130,21025
42140,21030
42150,21035
42160,21040
42170,21045
42180,21050
42190,21055
42200,21060
42210,21065
42220,21070
42230,21075
42240,21080
42250,21085
42260,21090
42270,21095
42280,21100
42290,21105
42300,21110
42310,21115
42320,21120
42330,21125
42340,21130
42350,21135
42360,21140
42370,21145
42380,21150
42390,21155
42400,21160
42410,21165
42420,21170
42430,21175
42440,21180
42450,21185
42460,21190
42470,21195
42480,21200
42490,21205
42500,21210
42510,21215
42520,21220
42530,21225
42540,21230
42550,21235
42560,21240
42570,21245
42580,21250
42590,21255
42600,21260
42610,21265
42620,21270
42630,21275
42640,21280
42650,21285
42660,21290
42670,21295
42680,21300
42690,21305
42700,21310
42710,21315
42720,21320
42730,21325
42740,21330
42750,21335
42760,21340
42770,21345
42780,21350
42790,21355
42800,21360
42810,21365
42820,21370
42830,21375
42840,21380
42850,21385
42860,21390
42870,21395
42880,21400
42890,21405
42900,21410
42910,21415
42920,21420
42930,21425
42940,21430
42950,21435
42960,21440
42970,21445
42980,21450
42990,21455
43000,21460
43010,21465
43020,21470
43030,21475
43040,21480
43050,21485
43060,21490
43070,21495
43080,21500
43090,21505
43100,21510
43110,21515
43120,21520
43130,21525
43140,21530
43150,21535
43160,21540
43170,21545
43180,21550
43190,21555
43200,21560
43210,21565
43220,21570
43230,21575
43240,21580
43250,21585
43260,21590
43270,21595
43280,21600
43290,21605
43300,21610
43310,21615
43320,21620
43330,21625
43340,21630
43350,21635
43360,21640
43370,21645
43380,21650
43390,21655
43400,21660
43410,21665
43420,21670
43430,21675
43440,21680
43450,21685
43460,21690
43470,21695
43480,21700
43490,21705
43500,21710
43510,21715
43520,21720
43530,21725
43540,21730
43550,21735
43560,21740
43570,21745
43580,21750
43590,21755
43600,21760
43610,21765
43620,21770
43630,21775
43640,21780
43650,21785
43660,21790
43670,21795
43680,21800
43690,21805
43700,21810
43710,21815
43720,21820
43730,21825
43740,21830
43750,21835
43760,21840
43770,21845
43780,21850
43790,21855
43800,21860
43810,21865
43820,21870
43830,21875
43840,21880
43850,21885
43860,21890
43870,21895
43880,21900
43890,21905
43900,21910
43910,21915
43920,21920
43930,21925
43940,21930
43950,21935
43960,21940
43970,21945
43980,21950
43990,21955
44000,21960
44010,21965
44020,21970
44030,21975
44040,21980
44050,21985
44060,21990
44070,21995
44080,22000
44090,22005
44100,22010
44110,22015
44120,22020
44130,22025
44140,22030
44150,22035
44160,22040
44170,22045
44180,22050
44190,22055
44200,22060
44210,22065
44220,22070
44230,22075
44240,22080
44250,22085
44260,22090
44270,22095
44280,22100
44290,22105
44300,22110
44310,22115
44320,22120
44330,22125
44340,22130
44350,22135
44360,22140
44370,22145
44380,22150
44390,22155
44400,22160
44410,22165
44420,22170
44430,22175
44440,22180
44450,22185
44460,22190
44470,22195
44480,22200
44490,22205
44500,22210
44510,22215
44520,22220
44530,22225
44540,22230
44550,22235
44560,22240
44570,22245
44580,22250
44590,22255
44600,22260
44610,22265
44620,22270
44630,22275
44640,22280
44650,22285
44660,22290
44670,22295
44680,22300
44690,22305
44700,22310
44710,22315
44720,22320
44730,22325
44740,22330
44750,22335
44760,22340
44770,22345
44780,22350
44790,22355
44800,22360
44810,22365
44820,22370
44830,22375
44840,22380
44850,22385
44860,22390
44870,22395
44880,22400
44890,22405
44900,22410
44910,22415
44920,22420
44930,22425
44940,22430
44950,22435
44960,22440
44970,22445
44980,22450
44990,22455
45000,22460
45010,22465
45020,22470
45030,22475
45040,22480
45050,22485
45060,22490
45070,22495
45080,22500
45090,22505
45100,22510
45110,22515
45120,22520
45130,22525
45140,22530
45150,22535
45160,22540
45170,22545
45180,22550
45190,22555
45200,22560
45210,22565
45220,22570
45230,22575
45240,22580
45250,22585
45260,22590
45270,22595
45280,22600
45290,22605
45300,22610
45310,22615
45320,22620
45330,22625
45340,22630
45350,22635
45360,22640
45370,22645
45380,22650
45390,22655
45400,22660
45410,22665
45420,22670
45430,22675
45440,22680
45450,22685
45460,22690
45470,22695
45480,22700
45490,22705
45500,22710
45510,22715
45520,22720
45530,22725
45540,22730
45550,22735
45560,22740
45570,22745
45580,22750
45590,22755
45600,22760
45610,22765
45620,22770
45630,22775
45640,22780
45650,22785
45660,22790
45670,22795
45680,22800
45690,22805
45700,22810
45710,22815
45720,22820
45730,22825
45740,22830
45750,22835
45760,22840
45770,22845
45780,22850
45790,22855
45800,22860
45810,22865
45820,22870
45830,22875
45840,22880
45850,22885
45860,22890
45870,22895
45880,22900
45890,22905
45900,22910
45910,22915
45920,22920
45930,22925
45940,22930
45950,22935
45960,22940
45970,22945
45980,22950
45990,22955
46000,22960
46010,22965
46020,22970
46030,22975
46040,22980
46050,22985
46060,22990
46070,22995
46080,23000
46090,23005
46100,23010
46110,23015
46120,23020
46130,23025
46140,23030
46150,23035
46160,23040
46170,23045
46180,23050
46190,23055
46200,23060
46210,23065
46220,23070
46230,23075
46240,23080
46250,23085
46260,23090
46270,23095
46280,23100
46290,23105
46300,23110
46310,23115
46320,23120
46330,23125
46340,23130
46350,23135
46360,23140
46370,23145
46380,23150
46390,23155
46400,23160
46410,23165
46420,23170
46430,23175
46440,23180
46450,23185
46460,23190
46470,23195
46480,23200
46490,23205
46500,23210
46510,23215
46520,23220
46530,23225
46540,23230
46550,23235
46560,23240
46570,23245
46580,23250
46590,23255
46600,23260
46610,23265
46620,23270
46630,23275
46640,23280
46650,23285
46660,23290
46670,23295
46680,23300
46690,23305
46700,23310
46710,23315
46720,23320
46730,23325
46740,23330
46750,23335
46760,23340
46770,23345
46780,23350
46790,23355
46800,23360
46810,23365
46820,23370
46830,23375
46840,23380
46850,23385
46860,23390
46870,23395
46880,23400
46890,23405
46900,23410
46910,23415
46920,23420
46930,23425
46940,23430
46950,23435
46960,23440
46970,23445
46980,23450
46990,23455
47000,23460
47010,23465
47020,23470
47030,23475
47040,23480
47050,23485
47060,23490
47070,23495
47080,23500
47090,23505
47100,23510
47110,23515
47120,23520
47130,23525
47140,23530
47150,23535
47160,23540
47170,23545
47180,23550
47190,23555
47200,23560
47210,23565
47220,23570
47230,23575
47240,23580
47250,23585
47260,23590
47270,23595
47280,23600
47290,23605
47300,23610
47310,23615
47320,23620
47330,23625
47340,23630
47350,23635
47360,23640
47370,23645
47380,23650
47390,23655
47400,23660
47410,23665
47420,23670
47430,23675
47440,23680
47450,23685
47460,23690
47470,23695
47480,23700
47490,23705
47500,23710
47510,23715
47520,23720
47530,23725
47540,23730
47550,23735
47560,23740
47570,23745
47580,23750
47590,23755
47600,23760
47610,23765
47620,23770
47630,23775
47640,23780
47650,23785
47660,23790
47670,23795
47680,23800
47690,23805
47700,23810
47710,23815
47720,23820
47730,23825
47740,23830
47750,23835
47760,23840
47770,23845
47780,23850
47790,23855
47800,23860
47810,23865
47820,23870
47830,23875
47840,23880
47850,23885
47860,23890
47870,23895
47880,23900
47890,23905
47900,23910
47910,23915
47920,23920
47930,23925
47940,23930
47950,23935
47960,23940
47970,23945
47980,23950
47990,23955
48000,23960
48010,23965
48020,23970
48030,23975
48040,23980
48050,23985
48060,23990
48070,23995
48080,24000
48090,24005
48100,24010
48110,24015
48120,24020
48130,24025
48140,24030
48150,24035
48160,24040
48170,24045
48180,24050
48190,24055
48200,24060
48210,24065
48220,24070
48230,24075
48240,24080
48250,24085
48260,24090
48270,24095
48280,24100
48290,24105
48300,24110
48310,24115
48320,24120
48330,24125
48340,24130
48350,24135
48360,24140
48370,24145
48380,24150
48390,24155
48400,24160
48410,24165
48420,24170
48430,24175
48440,24180
48450,24185
48460,24190
48470,24195
48480,24200
48490,24205
48500,24210
48510,24215
48520,24220
48530,24225
48540,24230
48550,24235
48560,24240
48570,24245
48580,24250
48590,24255
48600,24260
48610,24265
48620,24270
48630,24275
48640,24280
48650,24285
48660,24290
48670,24295
48680,24300
48690,24305
48700,24310
48710,24315
48720,24320
48730,24325
48740,24330
48750,24335
48760,24340
48770,24345
48780,24350
48790,24355
48800,24360
48810,24365
48820,24370
48830,24375
48840,24380
48850,24385
48860,24390
48870,24395
48880,24400
48890,24405
48900,24410
48910,24415
48920,24420
48930,24425
48940,24430
48950,24435
48960,24440
48970,24445
48980,24450
48990,24455
49000,24460
49010,24465
49020,24470
49030,24475
49040,24480
49050,24485
49060,24490
49070,24495
49080,24500
49090,24505
49100,24510
49110,24515
49120,24520
49130,24525
49140,24530
49150,24535
49160,24540
49170,24545
49180,24550
49190,24555
49200,24560
49210,24565
49220,24570
49230,24575
49240,24580
49250,24585
49260,24590
49270,24595
49280,24600
49290,24605
49300,24610
49310,24615
49320,24620
49330,24625
49340,24630
49350,24635
49360,24640
49370,24645
49380,24650
49390,24655
49400,24660
49410,24665
49420,24670
49430,24675
49440,24680
49450,24685
49460,24690
49470,24695
49480,24700
49490,24705
49500,24710
49510,24715
49520,24720
49530,24725
49540,24730
49550,24735
49560,24740
49570,24745
49580,24750
49590,24755
49600,24760
49610,24765
49620,24770
49630,24775
49640,24780
49650,24785
49660,24790
49670,24795
49680,24800
49690,24805
49700,24810
49710,24815
49720,24820
49730,24825
49740,24830
49750,24835
49760,24840
49770,24845
49780,24850
49790,24855
49800,24860
49810,24865
49820,24870
49830,24875
49840,24880
49850,24885
49860,24890
49870,24895
49880,24900
49890,24905
49900,24910
49910,24915
49920,24920
49930,24925
49940,24930
49950,24935
49960,24940
49970,24945
49980,24950
49990,24955
50000,24960
50010,24965
50020,24970
50030,24975
50040,24980
50050,24985
50060,24990
50070,24995
50080,25000
50090,25005
97
105
103
126
153
125
188
180
176
203
238
232
156
184
287
255
266
266
279
363
286
407
429
296
379
396
335
439
403
305
365
414
537
301
609
329
438
579
483
605
504
666
571
387
690
373
346
361
512
816
535
820
607
478
575
844
687
464
764
456
908
679
625
755
797
620
563
485
629
944
658
979
1002
576
1032
1146
1085
669
1000
775
1292
547
1252
1219
1062
1214
727
700
1116
909
1344
1418
1072
585
1342
1148
780
1244
1032
1027
1073
1275
1462
1137
1258
985
1261
807
1418
1384
1198
655
717
1107
1182
1262
1286
879
1840
1701
1694
1841
1504
1917
1944
722
817
1340
828
1555
854
1438
930
854
1565
1681
912
847
1054
901
1922
1755
1987
1857
2128
1586
1449
1034
1802
1443
1402
2056
1364
1604
2149
1090
1107
1675
1348
1533
1484
1651
2095
1472
1113
2476
2133
1575
1693
1180
2398
1767
2425
1776
1870
2186
2203
2499
1258
1060
1940
1992
1199
1240
1937
2854
2268
1423
2805
2685
2827
2948
2915
2567
1793
2360
1420
1271
2430
1144
1661
1880
2211
2169
2771
2836
1399
2937
1872
1814
1391
2606
1666
1193
2708
3012
2513
2339
1647
2716
1253
1475
3370
2705
3263
1910
1681
1656
2842
1293
1617
2180
3422
3409
2609
2561
1856
2486
3419
2770
2438
3048
3170
2599
3596
2302
1365
1826
2885
2084
1415
2370
2773
2699
2177
1871
1954
3594
2987
1418
2050
3504
1871
3460
3007
2689
2607
3917
3955
2208
2839
3872
1939
2843
2920
2963
3194
1866
1572
2001
2496
2741
2908
3738
3454
3513
1879
2143
2109
4374
3949
1797
4276
3343
2295
2598
3469
1667
2892
3328
4434
1679
3073
2543
3902
4515
3145
2445
4335
4526
4073
2822
2903
3026
3468
2969
2166
2684
2083
4096
4505
3036
1932
3826
2614
4929
3144
3805
3524
3250
2140
3564
2485
2772
2349
1843
3411
2761
2152
4934
5011
2908
2389
4283
3828
3019
5167
2918
4182
3761
2763
2129
4213
2943
3183
1998
4329
3942
2250
3819
2160
4984
5021
4280
5545
3567
2538
4123
2475
4139
3550
5502
4434
3305
4808
3147
4598
3048
2685
5756
5234
5799
4393
5149
2883
3969
3505
2452
2477
5239
2303
3000
5097
2826
2842
3574
3131
2280
2657
3414
2836
6035
6048
3986
6009
4984
5847
3508
5095
5298
4282
5204
5757
5451
4288
3595
2639
3987
4821
2637
4294
5783
4832
4747
4855
6177
3063
5127
2700
2360
3718
5254
3108
3485
5971
2628
6278
3596
5798
5288
2817
4761
4392
5782
2842
5381
6736
4001
4197
4470
5321
3453
3702
3335
4808
6900
4704
3882
4393
4756
3865
6495
6192
6984
5058
3300
4228
6278
6140
6036
3164
5341
3384
4141
6715
3102
7084
6191
3927
4816
2667
5171
6776
6197
5899
3279
6951
3139
5042
6616
4136
4819
3940
4072
3985
6227
5064
6306
6780
4508
3026
6953
7081
3881
5218
3600
5915
7285
5946
3942
3289
4774
2807
5665
7672
5531
5475
7178
7844
5278
6459
5031
5933
3567
5979
2718
3760
3993
5586
7208
7666
4232
3893
4098
3272
4269
7601
7091
6726
7854
5448
5580
7317
7662
8021
5823
5582
6434
6267
4308
6655
7125
6450
2925
6393
4003
4692
8102
6507
7929
3630
4821
7069
5501
4121
6923
5106
8224
8369
7784
8629
7802
8493
6018
4131
7694
4702
6139
4724
5695
4983
6232
3756
4658
8762
8632
7311
8757
6887
7157
4604
7097
5708
5964
7838
4669
6112
4350
3441
3325
4744
9026
5058
6233
4814
7572
7715
6549
8271
5736
7854
5591
4272
4908
4238
4945
5682
8247
6144
9023
7897
3386
6540
4973
6413
8385
4199
9339
4297
8145
8834
9354
7460
3291
8700
9501
7031
7349
4533
5019
7697
8555
3460
7782
3556
5827
6455
3338
3674
6359
9645
6675
8499
4628
8950
4840
6731
4809
6190
8685
5457
8924
3741
5611
4219
6994
5172
8323
6739
3477
7373
3513
8141
4174
8108
5703
3603
6483
8273
5450
5287
8327
9419
4592
9909
7100
8035
5892
6157
6516
4040
9070
5735
5597
7519
3671
6356
8364
5886
7497
9096
4355
10114
4612
4193
6969
6953
5267
8950
9383
6009
5241
6106
9811
5913
10652
10322
8942
4726
7251
7663
6717
7193
5334
3741
9821
4989
8873
3852
6475
8263
10721
7132
5490
9917
4360
4892
10975
5721
8294
7883
8602
5734
7094
9472
4099
4000
4337
8136
9351
11234
10616
6036
5915
6200
4468
11000
11339
10845
8287
4220
4020
9999
6622
7272
6224
5641
5097
9919
7668
6253
5882
10028
8585
6968
10146
4050
10582
6213
11696
8411
4747
6969
11352
4516
6142
7772
8739
8244
5171
6164
10748
4181
6408
6727
8555
10186
8657
6924
9189
5172
9621
5564
10974
4696
4841
6179
5211
10942
4698
6477
7756
11586
8177
11799
11342
6473
4713
9843
10681
12062
6412
6028
9889
11846
10389
9490
10006
4579
10504
5752
10055
10122
5903
5598
7418
7508
12072
6528
11239
7586
7995
8518
11300
10725
11173
4596
6209
8235
10124
6064
4764
4903
4783
11490
10010
7565
6213
8067
9179
12992
11814
10146
11074
6952
4621
4936
10338
7182
5515
10787
5880
12898
6046
9285
11926
5421
11027
13092
5870
12198
7498
13019
12044
11819
8511
6621
9690
5862
8167
7829
12025
9382
8854
6219
12705
5453
6354
9515
12547
12934
7910
12937
10574
7112
4650
8541
13679
8980
7035
11518
13380
12009
11638
9024
10592
7259
12023
8682
13162
13572
10441
12981
8268
5566
8419
5313
13097
6673
13670
9391
11385
9558
7198
7862
6175
14015
12803
12695
6472
6525
5777
12608
14153
5061
8757
6596
12893
8696
7546
12972
6479
8854
6049
11964
9272
8563
14357
7148
11144
9202
9139
12175
9086
9406
11217
14246
10604
14614
9106
11978
10904
5099
9753
8483
14271
7568
5596
9624
8995
7650
8532
7804
7170
11004
6901
7220
8326
11684
10656
12221
7648
13803
13559
10305
9212
13549
8044
8435
7072
9721
9671
14723
14550
7722
9039
8771
11768
6335
11568
5355
8959
9383
14017
13585
11277
6425
15075
13269
14822
7249
14642
6499
9773
7283
6093
14746
6764
8451
9471
15324
14414
10613
11825
7487
11510
8480
8554
11800
6078
13919
15657
12755
14709
12711
12485
13198
9959
10744
6174
9096
7206
12539
10658
9584
14941
5867
11349
10090
9752
7702
5813
12384
5908
12385
10392
12773
11606
11805
12032
12467
11549
14302
8085
16110
11855
13853
11697
12467
15759
8292
14525
10706
14595
11133
16050
15525
15420
14662
12857
8563
13537
11817
9702
13186
13303
11690
15197
12157
5812
8065
11079
15807
13128
15653
7004
6772
13202
10614
9216
6850
7671
16154
8991
7489
9748
12558
9416
7877
13925
14672
13743
13493
9520
7544
16899
8117
12539
11349
10346
13493
8832
9427
7795
13967
7136
13994
6569
17004
10058
9343
15366
6071
9864
8518
12617
8039
7905
5905
13293
14819
12444
10422
13904
11853
13139
6855
6513
8835
11671
6603
16887
13734
7649
10269
12556
14541
15710
14128
13364
6503
14810
16224
12570
10216
13235
10669
13680
13094
9810
8182
7719
12197
10580
7332
8341
7268
11171
11747
9675
14753
14871
15916
17412
9576
14293
6752
17407
10403
10473
7720
8099
15822
14917
8213
10843
16294
6807
12751
14183
8322
10218
9526
16098
12787
8652
6310
15874
13444
12231
8138
10390
11892
12950
8494
10975
18065
14887
14037
7584
11913
6388
8882
7801
10839
15452
7198
14652
18139
15057
15514
8684
14788
17436
10413
17593
11618
10179
10843
13345
18337
12594
18422
10626
14498
9846
9793
7498
8334
15226
8857
14715
18032
18921
17811
16543
17259
10684
18611
8988
11803
8482
17701
9934
9504
16301
11998
11023
15987
13830
16036
17505
14423
6783
6836
13579
14571
8556
15980
14165
8436
15200
11947
13392
17792
6987
17374
7189
15873
15933
9938
19357
8169
13137
8388
13187
10151
9880
19027
13648
14289
13504
14822
18628
9630
13205
7103
17225
18237
7275
11484
15543
6901
17585
18167
17338
8252
16686
19471
15600
15120
16683
18917
16384
17927
14410
14444
16269
7743
12972
13188
13390
16810
14702
18622
14704
17394
10366
11291
10777
7065
13748
12546
19263
9014
15158
10418
20405
8662
14878
9984
9937
10361
18728
10473
15091
11532
11269
14816
17777
14308
20385
6962
20085
17864
12288
9779
7538
10315
12634
15852
9856
12716
8613
12106
7538
12128
14962
9386
19877
13915
17678
13428
18334
16035
12469
8649
14513
8065
20006
19479
15138
18404
20745
12848
8253
9113
10896
11827
19294
14360
8739
11341
13694
11287
17413
18635
19907
8507
15864
12290
15438
11959
15845
17935
13026
15511
16880
9679
16486
9502
9157
11731
17485
8666
19495
18102
13840
17928
8408
14551
18881
18838
14438
12428
9793
9731
13864
16707
11926
12314
10833
21784
14285
8412
18095
9428
21455
13805
21635
20040
11777
8930
14638
15716
13737
8095
14618
12135
10516
8850
14896
10267
10165
15926
17500
8471
13420
19598
9993
8364
12479
9458
9627
8710
10485
20452
15243
20367
21859
19559
15035
12340
17528
8888
9074
10419
20022
11032
13285
22279
20463
16936
14836
8090
14632
15342
16396
16059
11024
9745
13991
8161
15456
13748
7739
20988
9433
13805
18572
11006
18653
14735
14332
21292
19727
18497
21509
13118
11376
21863
16644
10753
8864
17085
14906
19905
14202
15289
14501
7977
8675
13425
19250
16983
9570
11587
14594
9906
19755
21951
14179
13035
15127
22822
13300
14116
12347
22746
19628
20455
13061
15831
19775
11235
22772
18411
9331
15134
11588
18060
14726
16752
19199
14078
15950
9495
13609
20052
16963
15243
12974
10612
10786
12989
10040
18468
21169
14391
15891
14816
17401
14265
13834
20925
11933
10339
9911
23812
8085
18768
8578
15596
14330
16383
8657
9788
17411
23973
20269
16563
19600
19437
13545
10564
14314
15038
12660
24276
11374
23508
9672
19103
17125
15614
12367
10741
19737
14011
22704
21712
10224
9751
17995
10580
17417
11984
12845
15027
11636
23770
13122
19185
15903
12189
11892
17648
23836
21916
12674
23559
13108
15834
14444
10234
10369
11409
11571
15385
8983
21851
18400
16846
23705
15075
9834
13867
10349
18730
11252
15529
21483
16237
20016
24126
23467
9633
9840
12874
20714
18227
24376
9165
24554
10467
14702
14539
15697
24779
17334
14294
16522
22701
10317
24058
23607
13838
21022
10887
16526
23808
13340
14555
23931
24015
25521
24833
24202
11731
20589
22538
10000
19761
22356
15126
8994
17538
17988
13461
20731
10563
21322
24441
16846
19607
13202
21440
16930
18866
11681
15316
24777
23530
11329
25381
20367
12097
14440
12694
16509
22362
25966
9065
11064
15091
15555
13284
9833
10388
18975
18724
18620
16430
25762
18419
13651
13971
26079
12356
9824
10443
12706
9136
13014
16770
13161
23316
13359
12567
12395
25608
20224
14504
25837
17606
21369
24252
20970
25650
14496
9934
15013
9744
26575
21999
13116
23181
26706
17767
23873
10487
18481
15725
19059
13739
22584
10006
21164
9132
19081
13054
12669
17939
15046
20823
20590
21772
10722
16671
12741
13135
20794
22394
16543
19605
12005
15029
25360
19159
25137
18448
14613
23363
9706
20167
19580
16763
18356
22156
22964
12577
17551
11914
21098
21901
21822
14481
19321
13558
18017
25496
13297
23177
11943
18256
22791
14375
26845
17375
9717
18141
11151
14873
15516
23861
16835
27612
26612
20980
23072
20527
20180
15355
12837
18404
14956
11053
20751
21524
14620
24379
20988
15983
25168
18523
22724
22121
15075
22808
21613
28121
24882
23363
17110
13166
21823
17360
16945
23413
11056
21495
26069
24003
26417
17814
18219
17377
13576
12159
17489
11130
17856
13645
9754
17505
23655
19261
27731
23120
23439
20317
17853
17604
16752
27763
22093
13405
13751
19429
26541
26447
27290
22369
18166
23523
20399
22183
15205
10393
19469
9775
28578
23931
22545
20864
11883
10152
23864
16414
23942
22418
10727
13452
10647
17166
10301
28695
25770
28266
24539
11064
20756
20260
25121
23883
26268
26925
21314
14278
22600
19019
23964
14822
18296
28971
23527
11236
24705
23099
9944
16972
25702
28785
14801
17737
16446
13324
26607
10457
15359
23770
15444
23083
14606
28194
29784
18783
16710
12011
19910
15318
10873
22402
22918
28010
13719
29837
17538
26939
18258
28298
12500
13770
19764
16525
29243
14113
16370
22057
20524
16539
28108
13005
25907
16043
19529
10539
20009
12075
13230
13364
11444
14030
27261
17800
12849
22754
27514
13652
13840
19315
26216
20632
14809
27746
15904
28508
24194
12624
28346
28886
16878
13628
24084
17538
27827
29487
30333
29064
26116
23091
20233
12674
28212
12480
12633
14838
14323
26275
30889
23124
14877
26265
16531
19573
27995
20972
28435
12500
24387
17886
25740
18496
31058
29345
11861
21067
12681
25530
14348
20930
24191
11814
25000
27924
24328
17355
13511
23483
20426
19274
23252
25341
19833
21245
25060
13211
27427
22111
24041
18594
20870
12424
15507
15940
13344
20946
12155
29924
12149
15943
12463
27134
17565
13170
11881
11443
20861
28254
11801
29531
25333
17649
21339
26098
27381
13436
12685
26919
27389
23005
13062
11779
11815
19178
24824
12660
17788
27634
25609
17990
14625
15002
25240
29440
19110
15659
22206
28587
26746
28398
22780
28252
13380
10889
22574
14293
17191
20777
30636
21899
32269
12403
25957
24798
28086
29163
14446
13670
23928
26838
22330
26810
17947
22900
28344
20247
30845
27147
20781
19573
21427
21021
27005
22224
12717
22252
21013
29603
11070
12281
21944
22530
12685
33007
21496
23678
17151
23746
12358
24241
24615
12255
28285
20180
17077
27460
12109
14460
11354
17555
14876
26778
13359
21486
16842
17686
30359
24656
30739
13613
23715
13385
26965
14859
23551
17196
13530
27772
26128
25521
18554
17094
28092
32148
22429
19153
30516
31233
18168
32204
26065
21530
25266
31915
13725
15174
30400
32013
32749
12016
32547
12390
14605
12299
24317
24843
23790
15877
32827
20324
25773
25341
14908
28011
22405
17328
27855
29787
15175
11776
26967
29026
20847
26351
29156
27111
28835
24891
33586
33163
14376
19462
27326
27242
30272
23797
19804
20250
29102
34460
22617
14222
17421
23682
13979
17561
21640
26985
33317
26524
24499
15629
19369
28216
28424
30319
14073
21999
12800
18918
17279
25258
14299
18950
26137
23709
33405
28573
22785
33192
19659
14330
18274
33094
21392
33491
17621
26584
32591
20119
35054
34162
28770
26436
26132
29511
22526
31417
31647
13313
20126
30463
27581
15895
34546
35254
27518
25284
25602
34539
31881
29435
29392
25550
23186
12502
30232
27878
25925
20601
34871
23562
18164
30285
17757
24993
30068
32518
15922
25919
33669
34858
17190
21221
15119
31616
12664
34194
23625
14278
26031
26469
13078
34149
18255
26026
18540
27249
26959
19357
21594
31863
33991
30348
16182
35758
17643
31794
19690
24551
33418
33788
30562
19003
16128
22531
15003
28071
28788
17387
34120
28954
32201
27522
28862
27305
30120
34931
20148
13378
23847
25955
22293
14720
22225
28408
22321
35803
36368
28388
30118
28788
29995
15347
26040
25395
19968
13420
13382
13494
17667
20033
27705
28695
23252
25671
34626
17199
17065
36590
12499
19859
33015
27526
21757
35154
31593
31191
30401
16615
20417
26125
29178
27624
13679
19612
23459
33822
20996
19079
24112
20426
13512
22169
18514
34122
29243
35707
31326
12906
22789
15482
32035
17948
22454
31516
16789
33549
23725
14563
33163
13326
35417
24636
18210
14981
18856
34216
30309
25693
14982
13664
25676
19478
35149
14741
13486
27643
17445
25017
37611
18703
31386
26689
15082
35751
20771
28470
16177
28817
21261
18585
28801
28655
17853
34784
18785
14070
15854
28545
19627
26158
19276
29221
26894
27874
31779
17181
14426
23389
37444
20120
19344
14464
26370
17122
29633
18055
16123
34884
18289
15340
19481
20012
34808
26606
26370
13757
20134
26897
31561
29312
17539
33029
24491
19205
27079
13239
23498
17303
20049
35350
34690
28975
25773
15480
26634
29280
24018
37103
19363
20375
24950
14675
24799
37099
17469
22936
16371
20374
20706
36303
31841
19524
23907
14790
14257
16758
14150
15177
33469
38899
15413
32092
37100
19577
16803
23026
29849
14427
27700
16629
23728
28628
17973
27923
36717
31936
35417
30032
29228
32313
20364
24840
38284
38878
23773
15653
24900
30202
32312
37919
27107
29603
18623
21698
33113
36029
33296
17685
23018
28448
34256
28427
28803
16946
29220
35960
17176
37194
15191
15732
24213
24207
28383
26734
36069
16485
39087
13630
27337
32553
25567
37127
27457
37077
20745
26483
22031
14864
30035
19144
25919
23975
23136
14037
39001
21175
37581
16470
36616
26818
21080
16199
20142
28764
17050
20125
37568
26047
27328
26050
17065
31461
14350
27188
40277
28998
19858
18773
18386
16226
20683
26243
24989
26038
18207
32525
28387
38269
17272
15995
18870
24459
22025
21928
18175
29975
30422
26995
38472
28692
35596
39787
31677
35747
38943
23930
20372
20158
34286
23495
38895
16020
26273
26547
35505
22719
32556
18046
39463
17712
15654
37310
36566
24748
21427
32756
31558
15102
38166
26809
15698
31429
24733
37917
20456
26390
14955
35383
39333
25899
24995
25075
36213
24519
26610
26838
36834
33194
16632
30012
29607
28062
33978
35504
30940
17309
25133
28844
19257
25655
16557
39803
30455
21945
26120
37269
15094
18530
24272
22066
20949
21970
14369
17110
32325
35823
15100
40358
32960
29864
34466
28281
35843
22765
24872
15009
33296
34569
29078
40738
33778
28202
34222
34448
19167
25191
21963
23812
39043
39977
30743
37981
32670
25244
25208
41634
18579
25617
18737
18830
20366
16465
30072
31194
39171
25490
21295
14626
28542
25533
32339
16103
34168
18415
28684
41507
38680
29327
35793
35789
20147
29443
32774
28511
14470
34067
33356
33470
25211
27950
30500
42718
24997
18340
41090
18589
39683
34956
23245
32118
16692
41031
22394
41603
40489
14490
16146
17720
39590
25071
32534
19058
28780
32088
21028
26457
40529
37678
14738
34260
34390
21873
27400
41162
32485
28443
28705
16852
31593
16855
30543
32813
43170
27126
25727
22408
30903
27679
36460
17689
21994
20568
28739
24732
31756
33802
32867
17149
40821
22185
28574
19846
34598
32796
30637
36509
33191
27306
24772
34160
18507
29860
33355
19468
33999
32893
26185
27473
22987
33185
22231
22857
24761
36193
21706
35834
37688
40676
38066
33872
44079
18354
26049
17261
16413
37041
36511
33271
21633
34709
27650
32680
35029
14961
41995
38252
23965
27855
28222
17021
16907
36409
32055
31651
34013
17496
26629
35047
15868
44656
41995
43844
29755
35444
27228
35144
18837
35117
37780
41975
31114
43514
24843
41952
40378
25353
30328
28119
28969
16101
17828
42039
22137
29480
19380
18125
36573
27077
29589
17376
17269
17368
35788
30366
33859
38737
41117
33116
39595
35523
16651
35405
24792
26828
38617
30662
32200
40084
42649
19842
28353
40343
19627
21082
21552
28815
39992
15931
21440
41395
32652
32379
42037
45144
43126
21744
40390
32260
18842
44114
42450
16826
18916
36467
37284
31005
29333
40613
34616
40831
37109
45055
38135
37430
25797
44902
39576
29065
35318
37653
25999
29952
38019
16015
27341
20313
26923
37272
39923
44759
26519
19149
18064
32039
35865
42254
23953
41337
29040
35101
23916
28000
29153
24030
44304
25733
41042
45756
17549
20489
44843
29533
45228
29702
46447
37132
25008
20684
42301
30019
31437
23964
20386
25645
28878
26434
38727
42994
24457
41554
28606
31626
40988
33231
17513
44398
42846
25397
22905
35166
37624
38086
25828
23921
29562
36728
43500
19449
28961
28453
39049
35140
21164
41093
17589
29700
45469
19309
37982
27115
34873
15969
30197
36123
43802
46047
32293
16307
21748
29505
40389
39939
19932
34710
32723
18705
38019
42363
45271
26260
36704
23271
28765
28656
27147
36797
44265
26876
46013
33850
26582
46101
37938
17818
45121
17962
30382
29394
44641
26819
23034
25462
31577
21442
43036
32861
41132
45531
42093
18121
39030
17940
28023
33799
32669
23164
29983
27880
21847
28086
44619
17149
40632
18046
19777
36996
21396
19869
36725
23583
28701
43731
43397
28776
26840
20315
35217
38441
32039
48238
33355
39964
32032
27051
44027
32989
23704
21008
32086
17302
29240
22872
44942
33431
48509
44100
48840
29511
31417
22822
39113
19543
17017
21123
40449
27128
19130
37182
17553
27981
37591
37340
26396
41300
34891
19477
27639
20313
44674
45532
28350
36773
30225
33041
30497
21155
28078
18826
28970
38611
46847
41596
21718
43361
18850
30631
49323
40780
22417
48003
24625
25538
27854
23231
24961
25031
27573
46170
20959
33934
47828
26086
40774
17867
27259
41154
45782
20594
42211
38528
36758
40099
43779
41363
41818
19409
18860
46464
24864
21857
30171
37620
21563
41451
20390
33635
37185
19238
38831
25719
26411
17418
38186
39887
49965
22917
21845
26958
23974
19025
32051
40335
32450
48943
33425
44785
49921
23714
37008
47583
18306
19408
50307
38944
31378
18887
19572
41414
18820
40129
50256
20128
29978
27002
21173
49035
44698
36157
22089
40681
28528
38558
30977
30554
19660
39530
45345
21621
39722
46296
21871
34839
46961
27301
33186
29358
17348
37547
32064
49821
25101
20677
49777
25418
50717
24827
37514
45232
32684
49423
22291
45903
39125
33349
33358
32134
31205
44608
31747
23055
49858
31920
49181
31230
44022
25358
44481
42645
29100
49556
35469
38867
33664
28003
21686
29037
21301
34013
46169
32124
18140
28387
37678
17840
39882
20361
36895
51175
39017
40157
47765
43949
25864
36082
21934
23310
24650
37935
28403
26223
41875
39140
27432
30276
19439
49458
21459
27241
34814
30999
47695
40623
51456
30216
44990
17740
41179
27884
25960
35098
36000
51742
19136
31028
31234
45845
30106
36260
41692
26200
30749
40594
32343
25893
48565
18744
35492
49193
46259
20784
43687
40034
35201
48573
37831
40053
28580
26801
35056
22441
44274
37222
29380
20890
28543
33971
19648
46832
25885
21491
34125
29009
31584
26915
48111
25626
28529
43851
24874
33034
34842
38272
37354
22438
47818
31607
24957
46573
32333
48269
47114
42073
41003
27019
40057
26387
52128
47417
18565
53004
18269
36393
30459
47421
34839
26141
31181
37783
50624
51467
30966
28601
24481
38850
49161
39480
35517
22902
18364
43478
32745
42632
20482
21220
43401
45418
40608
50391
34549
35352
48077
28390
42378
49559
39822
52342
53413
29078
36092
26022
29962
47474
18015
21942
48439
47399
28199
53049
51963
35152
28721
46286
44793
44742
19687
21056
44544
39862
45018
53009
32206
27409
39853
43971
43338
40807
36228
37410
51254
46703
51779
29503
41113
37671
23483
33811
35525
43465
43302
51624
53714
21296
34771
18902
37479
40130
46095
24738
39529
44539
18897
24766
27526
42134
37972
53112
45362
36246
25245
51532
18316
46050
19928
45494
48520
44225
34532
26075
34591
23382
44272
43693
19232
19924
52722
24789
32550
32909
36234
21565
30394
42034
22855
42049
47238
43140
42439
30563
32929
47559
52057
48974
49398
33176
23178
24071
20227
45934
24137
21495
47808
23494
21414
21985
20848
26197
48616
31046
38113
23554
46055
30233
30812
54169
46465
49110
27496
43038
55332
26556
45703
45870
36074
21884
52099
26461
37912
34291
30049
19369
53846
18866
42984
48461
35629
46745
54560
41412
43912
19596
28459
46316
46536
43323
19351
32532
47263
29086
38268
19895
39749
46333
52983
24100
40992
54824
50708
30888
45712
44590
26284
22814
46097
30771
43662
25333
40987
39495
49169
48672
49623
31739
32758
27350
21051
38288
32963
39834
39291
46996
29131
22863
51580
43183
53123
25752
48229
19745
50056
36032
20664
53879
47285
20145
46722
35858
21604
19482
54645
21741
35860
28649
50476
23370
21020
46370
27005
26298
31860
29120
42142
35999
37455
28519
44462
30784
27319
33220
22072
24912
44132
38224
24494
56134
19715
28374
29187
29447
43784
31396
42743
37980
25121
30787
48217
49634
40419
41685
40752
26609
45540
27581
27889
56793
40533
43224
25739
42720
45842
34299
31776
45708
19434
35381
27221
45549
44739
30334
31403
43667
34494
51337
23465
33427
27943
40053
56078
43127
44042
29572
31606
34464
33974
48274
20440
48945
31292
51895
26926
26799
25315
19592
22086
34104
41111
43250
54757
42827
56204
52336
37202
24069
39386
32340
24296
25893
22054
38521
51624
29242
42998
47060
45973
35154
39440
19786
25330
45516
48518
50899
54549
47703
54643
51559
45177
43968
22354
51683
41183
22184
54120
56385
51976
53189
51568
42503
32910
30432
52071
48659
38896
54499
30086
21159
34648
53395
29441
50423
20092
31024
50114
28136
55413
22960
49387
33335
41699
30728
47974
50185
35457
56664
49725
40642
44640
35243
41229
45720
57760
55813
26683
35833
55292
42906
49541
45885
44141
54967
49052
50115
23435
21239
59065
35431
45596
34861
50471
22867
42643
40342
58445
43250
54658
51140
37723
23089
30916
59106
38015
57669
44989
26337
26366
49957
56131
21835
22327
39049
49507
40782
40857
30988
30301
48798
27417
43271
38897
29960
30570
36125
28923
39599
44731
45972
27156
43994
47919
52430
28816
58780
45346
43014
23706
22292
34469
28337
36725
36066
41997
46454
43469
25577
25092
24616
26539
43455
48498
59848
38852
24314
52570
36793
59473
22848
46041
21293
31554
42237
21331
54472
32171
53625
52604
24940
22508
40610
44626
32844
25514
28360
58401
34335
59576
51726
54539
43330
39443
55606
58369
27880
58383
31548
25438
43450
27109
23453
58214
37314
22090
29218
56845
58786
30525
40103
39495
29056
29028
24656
46760
35225
32159
22748
52999
44184
40873
52929
59291
42295
50112
27787
26830
56635
23014
46399
27859
34931
26972
49795
22111
60386
56167
51020
56399
53524
41083
23267
29620
49599
45570
22295
38725
27931
54397
32787
26682
29004
23615
45863
36224
31433
25914
33794
26512
24858
30327
21906
34989
40559
59586
44581
39170
35427
23327
58558
46643
44792
58810
57258
47360
60074
25273
52065
41587
54677
37860
49473
56632
57320
27859
26607
25886
43613
41974
30562
23329
44444
47308
45259
60340
54214
31304
32963
44851
32624
36918
48300
60209
47967
28151
24526
25305
49402
43207
59159
56218
57388
44560
29651
53488
54841
35736
23382
26508
57348
22058
53297
53665
41214
32194
58155
36991
41398
60541
26647
54542
28103
32782
40406
50457
26843
61443
23051
29455
59272
38346
26161
23659
55505
44276
37493
24801
45669
61057
47578
57728
32230
24210
43327
48904
60281
43336
62457
40773
29651
27210
30354
45195
31226
46023
35959
42425
32119
36919
50072
49416
38955
26487
34411
54514
57762
59730
33487
43638
35724
22206
51514
59433
25580
28630
51921
47432
59167
34799
47837
33921
38040
41547
22926
45098
30760
36580
35201
46514
49099
49962
21406
22094
36188
30592
52652
39251
32851
36775
49207
51777
54000
46396
55814
36506
48828
60599
61015
39386
38770
27400
46173
33141
31174
29650
46299
49544
21568
55077
50738
47111
49461
24795
37276
41196
63334
46258
35781
54516
64011
59856
60043
60932
39083
27064
44894
25202
31875
35003
54944
47817
47363
37272
60172
28548
53684
28967
53531
33289
28830
47156
27848
57115
63272
30436
58570
34252
28749
23754
60711
33547
47449
35406
35576
34043
40780
49760
56912
31790
61097
32705
31774
25354
64421
25290
39337
50912
51816
51188
58867
55097
25739
64316
28028
50046
37801
56753
63879
44556
29472
49786
55601
23352
52728
64232
43272
62258
38804
38275
59875
24457
40374
58959
24409
55027
51269
61825
30403
30531
46671
57065
47475
22816
25022
33488
36638
47096
39975
49603
39994
60729
36374
54105
51382
53066
40196
22086
24630
53603
26622
24294
58976
40237
37659
35325
57662
33723
48262
52706
42205
45390
23783
57988
27685
28170
47516
59609
59043
56849
39271
30462
28691
33634
48403
24474
22810
65487
23553
25612
22878
64495
54620
60661
30498
61022
38971
39717
54936
66383
29239
65348
40773
37685
35196
27412
60269
29569
43638
23288
33695
46360
51224
51472
59675
41021
46187
54122
41419
40201
28685
40968
48251
51560
34428
26843
31033
42523
61534
66370
44522
51925
46115
46944
27917
52237
59235
49353
57442
28029
28186
24974
46140
63081
30068
63059
31653
59873
37284
56703
39396
22866
23499
51374
49467
61425
40765
51191
67323
23491
59562
54362
50211
62874
49991
67299
36875
65987
30467
55274
59601
57799
55774
26930
31429
22954
57806
39245
33739
48034
65059
45568
46572
27527
52897
26708
25567
27532
44759
60683
54730
29385
36079
62521
65448
55577
36431
40591
67542
29472
55027
57130
54128
50718
50099
35145
62664
38287
45960
44574
34997
43110
32788
49344
52617
65143
64283
39255
49913
23998
67094
35483
59081
43386
36584
41796
46396
28340
61193
54184
37026
62626
26263
43461
27793
36211
65583
49501
32852
58394
44367
68301
44723
54531
41757
50125
43467
49369
41127
35054
37407
32143
31551
36316
37758
35680
29526
52433
66284
40592
31381
58985
54142
42799
29702
57870
52869
60638
48831
56455
28316
44152
33842
34980
55576
31305
29884
49897
47486
58131
39915
67811
50303
51699
57719
42138
57527
61458
24606
35766
52485
37171
26156
59382
65994
56467
33845
54283
60472
43670
24040
55146
56782
62653
26349
30066
41135
55375
27612
37715
60845
65375
64376
52420
60222
40681
32282
69229
30073
43275
65477
38307
55844
67937
46650
69670
66180
36015
51004
33579
42355
60166
40532
36337
28827
62918
66792
29014
40049
30150
63473
59524
68675
38197
32909
38877
41118
49726
36020
35871
32566
24254
25571
62081
68259
42091
35228
52366
31557
40035
53635
60064
70567
65217
50466
68357
47598
61800
69786
37893
46040
35285
68006
47690
63459
43421
61487
35999
43709
27102
29192
42210
68677
53869
54472
46905
35583
55305
40282
40430
47258
44977
32010
37347
38836
49123
41208
70261
52125
36694
57665
64195
46230
60332
32707
34391
60364
37296
47470
67658
30941
36776
35947
38589
30679
26304
42014
25397
62942
28065
59658
23987
68659
57564
68587
59722
48199
38359
43902
40077
69047
39613
33782
41679
67017
47427
59763
60979
33493
34374
49434
38620
26850
71335
26413
25995
43678
47421
57947
28999
38653
48569
68491
52608
41261
58024
45876
31339
28176
35301
40128
50176
60317
44983
70144
55847
36388
67108
69725
27298
58640
50459
29741
52759
45649
59574
57305
49165
62722
36063
26697
70617
32651
46326
41894
52289
39252
54362
48478
62973
51453
67580
60057
60991
47218
58155
71121
37766
41458
38400
54465
41303
55195
70887
55151
30703
58566
43388
41732
67617
32598
39159
53231
72361
50153
58440
24906
71443
52238
35460
72775
65520
48873
39552
35278
60132
50829
43295
31553
46334
68552
41746
57422
34599
69391
46297
31568
46902
53647
63098
73188
53355
38576
52094
39219
54709
59032
61589
66252
42635
71375
53061
29328
55699
25140
27893
47792
47852
50098
25007
55222
27358
35704
53140
29638
45301
46002
45963
31896
54342
28922
33369
45593
36373
67104
69482
57887
67306
27860
42707
50315
48152
56103
44814
25746
71838
68618
48626
69998
47988
44793
73668
47208
43263
71594
70948
53152
70329
50833
53249
33255
34749
58449
55969
59241
42155
69909
51215
68634
27261
45947
68218
46098
51112
26476
31180
61917
69483
72931
56627
72056
60931
41672
50136
59186
39634
50793
32864
70337
45848
38505
68783
60535
48427
30396
41422
45551
36754
44016
43232
42123
69333
31335
56733
40329
50576
45142
28883
60060
37007
26365
36309
60235
72501
55340
59172
28159
50090
65444
38255
36976
41655
68210
65734
