# Primero viene la cantidad (n) de timestamps para ambos, luego n líneas que son un timestamp aproximado cada uno separado por una coma (',') del error, y luego n lineas de las transacciones del sospechoso
750
100,10
110,15
120,20
130,25
140,30
150,35
160,40
170,45
180,50
190,55
200,60
210,65
220,70
230,75
240,80
250,85
260,90
270,95
280,100
290,105
300,110
310,115
320,120
330,125
340,130
350,135
360,140
370,145
380,150
390,155
400,160
410,165
420,170
430,175
440,180
450,185
460,190
470,195
480,200
490,205
500,210
510,215
520,220
530,225
540,230
550,235
560,240
570,245
580,250
590,255
600,260
610,265
620,270
630,275
640,280
650,285
660,290
670,295
680,300
690,305
700,310
710,315
720,320
730,325
740,330
750,335
760,340
770,345
780,350
790,355
800,360
810,365
820,370
830,375
840,380
850,385
860,390
870,395
880,400
890,405
900,410
910,415
920,420
930,425
940,430
950,435
960,440
970,445
980,450
990,455
1000,460
1010,465
1020,470
1030,475
1040,480
1050,485
1060,490
1070,495
1080,500
1090,505
1100,510
1110,515
1120,520
1130,525
1140,530
1150,535
1160,540
1170,545
1180,550
1190,555
1200,560
1210,565
1220,570
1230,575
1240,580
1250,585
1260,590
1270,595
1280,600
1290,605
1300,610
1310,615
1320,620
1330,625
1340,630
1350,635
1360,640
1370,645
1380,650
1390,655
1400,660
1410,665
1420,670
1430,675
1440,680
1450,685
1460,690
1470,695
1480,700
1490,705
1500,710
1510,715
1520,720
1530,725
1540,730
1550,735
1560,740
1570,745
1580,750
1590,755
1600,760
1610,765
1620,770
1630,775
1640,780
1650,785
1660,790
1670,795
1680,800
1690,805
1700,810
1710,815
1720,820
1730,825
1740,830
1750,835
1760,840
1770,845
1780,850
1790,855
1800,860
1810,865
1820,870
1830,875
1840,880
1850,885
1860,890
1870,895
1880,900
1890,905
1900,910
1910,915
1920,920
1930,925
1940,930
1950,935
1960,940
1970,945
1980,950
1990,955
2000,960
2010,965
2020,970
2030,975
2040,980
2050,985
2060,990
2070,995
2080,1000
2090,1005
2100,1010
2110,1015
2120,1020
2130,1025
2140,1030
2150,1035
2160,1040
2170,1045
2180,1050
2190,1055
2200,1060
2210,1065
2220,1070
2230,1075
2240,1080
2250,1085
2260,1090
2270,1095
2280,1100
2290,1105
2300,1110
2310,1115
2320,1120
2330,1125
2340,1130
2350,1135
2360,1140
2370,1145
2380,1150
2390,1155
2400,1160
2410,1165
2420,1170
2430,1175
2440,1180
2450,1185
2460,1190
2470,1195
2480,1200
2490,1205
2500,1210
2510,1215
2520,1220
2530,1225
2540,1230
2550,1235
2560,1240
2570,1245
2580,1250
2590,1255
2600,1260
2610,1265
2620,1270
2630,1275
2640,1280
2650,1285
2660,1290
2670,1295
2680,1300
2690,1305
2700,1310
2710,1315
2720,1320
2730,1325
2740,1330
2750,1335
2760,1340
2770,1345
2780,1350
2790,1355
2800,1360
2810,1365
2820,1370
2830,1375
2840,1380
2850,1385
2860,1390
2870,1395
2880,1400
2890,1405
2900,1410
2910,1415
2920,1420
2930,1425
2940,1430
2950,1435
2960,1440
2970,1445
2980,1450
2990,1455
3000,1460
3010,1465
3020,1470
3030,1475
3040,1480
3050,1485
3060,1490
3070,1495
3080,1500
3090,1505
3100,1510
3110,1515
3120,1520
3130,1525
3140,1530
3150,1535
3160,1540
3170,1545
3180,1550
3190,1555
3200,1560
3210,1565
3220,1570
3230,1575
3240,1580
3250,1585
3260,1590
3270,1595
3280,1600
3290,1605
3300,1610
3310,1615
3320,1620
3330,1625
3340,1630
3350,1635
3360,1640
3370,1645
3380,1650
3390,1655
3400,1660
3410,1665
3420,1670
3430,1675
3440,1680
3450,1685
3460,1690
3470,1695
3480,1700
3490,1705
3500,1710
3510,1715
3520,1720
3530,1725
3540,1730
3550,1735
3560,1740
3570,1745
3580,1750
3590,1755
3600,1760
3610,1765
3620,1770
3630,1775
3640,1780
3650,1785
3660,1790
3670,1795
3680,1800
3690,1805
3700,1810
3710,1815
3720,1820
3730,1825
3740,1830
3750,1835
3760,1840
3770,1845
3780,1850
3790,1855
3800,1860
3810,1865
3820,1870
3830,1875
3840,1880
3850,1885
3860,1890
3870,1895
3880,1900
3890,1905
3900,1910
3910,1915
3920,1920
3930,1925
3940,1930
3950,1935
3960,1940
3970,1945
3980,1950
3990,1955
4000,1960
4010,1965
4020,1970
4030,1975
4040,1980
4050,1985
4060,1990
4070,1995
4080,2000
4090,2005
4100,2010
4110,2015
4120,2020
4130,2025
4140,2030
4150,2035
4160,2040
4170,2045
4180,2050
4190,2055
4200,2060
4210,2065
4220,2070
4230,2075
4240,2080
4250,2085
4260,2090
4270,2095
4280,2100
4290,2105
4300,2110
4310,2115
4320,2120
4330,2125
4340,2130
4350,2135
4360,2140
4370,2145
4380,2150
4390,2155
4400,2160
4410,2165
4420,2170
4430,2175
4440,2180
4450,2185
4460,2190
4470,2195
4480,2200
4490,2205
4500,2210
4510,2215
4520,2220
4530,2225
4540,2230
4550,2235
4560,2240
4570,2245
4580,2250
4590,2255
4600,2260
4610,2265
4620,2270
4630,2275
4640,2280
4650,2285
4660,2290
4670,2295
4680,2300
4690,2305
4700,2310
4710,2315
4720,2320
4730,2325
4740,2330
4750,2335
4760,2340
4770,2345
4780,2350
4790,2355
4800,2360
4810,2365
4820,2370
4830,2375
4840,2380
4850,2385
4860,2390
4870,2395
4880,2400
4890,2405
4900,2410
4910,2415
4920,2420
4930,2425
4940,2430
4950,2435
4960,2440
4970,2445
4980,2450
4990,2455
5000,2460
5010,2465
5020,2470
5030,2475
5040,2480
5050,2485
5060,2490
5070,2495
5080,2500
5090,2505
5100,2510
5110,2515
5120,2520
5130,2525
5140,2530
5150,2535
5160,2540
5170,2545
5180,2550
5190,2555
5200,2560
5210,2565
5220,2570
5230,2575
5240,2580
5250,2585
5260,2590
5270,2595
5280,2600
5290,2605
5300,2610
5310,2615
5320,2620
5330,2625
5340,2630
5350,2635
5360,2640
5370,2645
5380,2650
5390,2655
5400,2660
5410,2665
5420,2670
5430,2675
5440,2680
5450,2685
5460,2690
5470,2695
5480,2700
5490,2705
5500,2710
5510,2715
5520,2720
5530,2725
5540,2730
5550,2735
5560,2740
5570,2745
5580,2750
5590,2755
5600,2760
5610,2765
5620,2770
5630,2775
5640,2780
5650,2785
5660,2790
5670,2795
5680,2800
5690,2805
5700,2810
5710,2815
5720,2820
5730,2825
5740,2830
5750,2835
5760,2840
5770,2845
5780,2850
5790,2855
5800,2860
5810,2865
5820,2870
5830,2875
5840,2880
5850,2885
5860,2890
5870,2895
5880,2900
5890,2905
5900,2910
5910,2915
5920,2920
5930,2925
5940,2930
5950,2935
5960,2940
5970,2945
5980,2950
5990,2955
6000,2960
6010,2965
6020,2970
6030,2975
6040,2980
6050,2985
6060,2990
6070,2995
6080,3000
6090,3005
6100,3010
6110,3015
6120,3020
6130,3025
6140,3030
6150,3035
6160,3040
6170,3045
6180,3050
6190,3055
6200,3060
6210,3065
6220,3070
6230,3075
6240,3080
6250,3085
6260,3090
6270,3095
6280,3100
6290,3105
6300,3110
6310,3115
6320,3120
6330,3125
6340,3130
6350,3135
6360,3140
6370,3145
6380,3150
6390,3155
6400,3160
6410,3165
6420,3170
6430,3175
6440,3180
6450,3185
6460,3190
6470,3195
6480,3200
6490,3205
6500,3210
6510,3215
6520,3220
6530,3225
6540,3230
6550,3235
6560,3240
6570,3245
6580,3250
6590,3255
6600,3260
6610,3265
6620,3270
6630,3275
6640,3280
6650,3285
6660,3290
6670,3295
6680,3300
6690,3305
6700,3310
6710,3315
6720,3320
6730,3325
6740,3330
6750,3335
6760,3340
6770,3345
6780,3350
6790,3355
6800,3360
6810,3365
6820,3370
6830,3375
6840,3380
6850,3385
6860,3390
6870,3395
6880,3400
6890,3405
6900,3410
6910,3415
6920,3420
6930,3425
6940,3430
6950,3435
6960,3440
6970,3445
6980,3450
6990,3455
7000,3460
7010,3465
7020,3470
7030,3475
7040,3480
7050,3485
7060,3490
7070,3495
7080,3500
7090,3505
7100,3510
7110,3515
7120,3520
7130,3525
7140,3530
7150,3535
7160,3540
7170,3545
7180,3550
7190,3555
7200,3560
7210,3565
7220,3570
7230,3575
7240,3580
7250,3585
7260,3590
7270,3595
7280,3600
7290,3605
7300,3610
7310,3615
7320,3620
7330,3625
7340,3630
7350,3635
7360,3640
7370,3645
7380,3650
7390,3655
7400,3660
7410,3665
7420,3670
7430,3675
7440,3680
7450,3685
7460,3690
7470,3695
7480,3700
7490,3705
7500,3710
7510,3715
7520,3720
7530,3725
7540,3730
7550,3735
7560,3740
7570,3745
7580,3750
7590,3755
107
115
103
129
127
168
198
200
140
162
224
149
171
210
194
225
184
203
240
238
401
318
424
394
236
406
264
505
513
415
350
303
476
469
309
615
495
482
525
567
561
424
367
389
565
376
630
681
480
785
454
543
579
606
579
492
650
576
443
464
428
780
765
875
1039
488
481
440
693
573
450
1022
689
723
845
1169
627
561
1279
1293
588
1177
608
1030
1189
1181
607
984
735
587
869
862
821
1111
1222
749
628
1545
788
804
869
1270
1136
753
1308
1641
633
1653
932
1219
644
1538
1145
1792
1036
1636
742
1409
1779
1872
1547
739
1711
1190
765
1321
1424
867
1127
1422
1964
1717
957
834
1103
908
1391
936
1175
1609
1622
1309
890
1348
1621
1965
2133
1772
1238
1207
1002
1205
1568
2001
1850
2384
2258
1043
1193
1058
2359
2014
1828
2530
2476
1698
1725
1343
1558
1648
1302
1594
2420
2128
2671
1142
1335
2433
2141
1458
2233
2168
2254
2621
2322
1754
2758
2115
1452
1121
1366
1902
2418
2887
2640
1156
2459
2486
1789
1159
3051
2582
1573
1706
1812
1680
2891
2969
2049
2392
2319
1745
1500
2621
1413
1541
1620
2108
1235
1190
1481
2652
3409
3374
3215
3081
1525
1488
2275
2539
3537
1944
3454
3380
2090
3455
1593
3546
2082
2973
2909
3498
3530
1645
3100
3178
1458
3154
2916
3423
1934
3209
2734
2389
3210
3816
1854
2154
2151
3616
3968
3169
3938
2300
3658
3789
1465
2226
2681
2371
2580
3431
1500
1941
3521
3083
1694
2354
3810
2560
3371
1715
2296
3337
3578
4068
3101
1824
4386
2316
2648
2039
3933
3308
3721
1893
4061
2254
2255
3318
3594
3554
1739
3659
1904
3949
4238
2470
3773
1981
4567
3273
4610
3749
1909
4649
3508
1934
3998
3987
2116
2743
4523
4660
2066
4863
1732
3876
4003
1935
4027
2992
3061
2442
4123
3439
4276
4122
4068
5153
3526
2626
1885
3977
2401
5137
3484
1963
5196
4397
2342
2164
1916
1943
5314
2203
5169
2263
1880
4413
2141
5154
5350
2728
5458
3309
4128
2260
4614
2798
3333
4398
5674
3600
2188
5022
3508
3877
5384
3123
5774
4634
3057
2466
4277
2254
3973
3997
4752
5274
4179
5456
4241
3666
4365
4093
4683
2933
5058
3651
4845
2696
2407
4420
3632
4541
5548
4600
5151
3704
2422
4090
6260
5783
3944
2553
5063
4767
3837
3708
4024
5882
3246
4782
6168
6148
4730
3200
5951
4769
4506
5671
6561
2374
2339
5916
6153
4173
5933
4000
5290
2963
3353
3086
3097
5274
3893
3393
2811
4485
5086
2783
5100
4573
3922
6377
4082
2953
4299
5551
5225
6561
5953
3040
6065
4398
3431
7087
5625
5384
6707
4732
6594
4988
3552
7149
3246
3028
5304
4432
3587
7015
4808
6350
3935
4604
3890
3367
5767
7414
6757
6287
2611
3863
4732
5471
2698
5406
4645
3724
4739
4994
2746
2863
7414
3905
2951
3182
5864
2729
7531
7616
3177
5537
3823
7756
7784
5670
4928
4178
5616
5441
7716
3208
5219
4876
3369
4510
4608
4288
6569
4987
4403
5226
6079
7379
7895
4879
6575
7201
7938
5596
5752
4891
6184
5963
3916
6586
5943
6123
7413
4145
3345
3542
8150
6862
8270
3973
3391
3009
5092
7684
8065
6585
8567
6088
5525
8183
6480
3112
3747
3836
3285
4067
4780
5417
6515
8473
4969
7485
6997
5315
4280
5501
4114
7861
5163
3690
8422
3186
6225
7396
8815
8523
4877
3840
3518
6876
8322
8295
8043
3958
4235
6567
4956
8115
4169
5649
5374
3972
6389
6658
7583
5759
3618
7610
5104
3831
8392
8523
4702
8426
8243
5026
3866
3284
8371
6029
7937
3982
9204
5684
9155
6304
7862
5702
8971
4055
6424
3774
3758
8868
5008
8990
7144
9228
8712
8065
9390
9238
5356
4594
4851
6141
6774
4357
7454
5631
7070
4085
6089
3974
7946
4966
4151
8393
9205
8891
3944
5436
3981
4516
6672
6561
9743
4190
7480
9845
9627
8095
5059
6491
4039
8515
10085
5025
5411
9780
5846
6111
4907
6862
4860
5634
9426
9102
5140
7494
9599
7344
7545
9902
8356
8829
4840
10188
8347
7508
8750
5765
7743
6255
7961
7084
7349
8875
5243
9929
8915
9673
7215
5296
8616
8644
10734
5077
7749
6479
5452
10980
10979
7385
9198
9878
7915
4646
9898
7152
9346
6329
7177
3955
11005
7801
10295
6161
8913
3978
10951
9016
